ENST_ID,Total substrate,Effective substrate,Peptide length,Effective substrate density,Mean position of Substrate,Mean position of Effective substrate,Tissue
ENST00000338591,24,3,642,0.00019,0.3332,0.29232,v24_testis
ENST00000421241,3,1,198,0.00168,0.57407,0.82828,v24_testis
ENST00000342066,39,9,681,0.00034,0.49652,0.46043,v24_testis
ENST00000330388,21,4,302,0.00063,0.54415,0.5654,v24_testis
ENST00000343938,8,0,214,0.0,0.61098,,v24_testis
ENST00000339381,46,4,852,0.0001,0.52302,0.55164,v24_testis
ENST00000379289,33,4,673,0.00018,0.48404,0.28529,v24_testis
ENST00000379288,18,3,404,0.00041,0.47731,0.40924,v24_testis
ENST00000328596,15,4,255,0.00105,0.54484,0.35882,v24_testis
ENST00000347370,11,5,207,0.0022,0.65876,0.57295,v24_testis
ENST00000349431,14,5,259,0.00138,0.59349,0.65869,v24_testis
ENST00000422725,4,0,226,0.0,0.53429,,v24_testis
ENST00000338338,11,2,199,0.00091,0.56693,0.62312,v24_testis
ENST00000540437,32,0,606,0.0,0.52965,,v24_testis
ENST00000378585,16,0,452,0.0,0.48106,,v24_testis
ENST00000378531,25,9,497,0.00072,0.50849,0.41829,v24_testis
ENST00000612705,10,0,166,0.0,0.49096,,v24_testis
ENST00000378453,10,0,166,0.0,0.49096,,v24_testis
ENST00000444870,3,0,78,0.0,0.18376,,v24_testis
ENST00000378191,23,6,411,0.00063,0.46144,0.2425,v24_testis
ENST00000611357,49,8,779,0.00021,0.52152,0.44977,v24_testis
ENST00000378412,49,8,779,0.00021,0.52152,0.44977,v24_testis
ENST00000645284,44,6,854,0.00016,0.57994,0.79196,v24_testis
ENST00000377648,10,1,300,0.00033,0.56167,0.62333,v24_testis
ENST00000351136,21,2,587,0.00016,0.45948,0.67888,v24_testis
ENST00000333172,39,4,841,0.00012,0.44544,0.5648,v24_testis
ENST00000377842,15,3,329,0.00061,0.60993,0.92806,v24_testis
ENST00000557126,2,1,101,0.00495,0.55446,0.93069,v24_testis
ENST00000603362,44,9,555,0.00037,0.59115,0.5952,v24_testis
ENST00000378290,38,7,565,0.00033,0.52892,0.43514,v24_testis
ENST00000348333,21,0,372,0.0,0.58436,,v24_testis
ENST00000377424,22,6,501,0.00054,0.45618,0.33633,v24_testis
ENST00000377414,9,3,244,0.00137,0.31375,0.07514,v24_testis
ENST00000377223,14,8,190,0.00301,0.38572,0.40329,v24_testis
ENST00000340381,34,3,666,0.00013,0.42011,0.60811,v24_testis
ENST00000294485,17,2,349,0.00034,0.4716,0.38396,v24_testis
ENST00000309048,13,5,138,0.00279,0.39409,0.48116,v24_testis
ENST00000477755,5,2,78,0.00513,0.68462,0.76282,v24_testis
ENST00000400900,14,3,164,0.00131,0.38545,0.23577,v24_testis
ENST00000602296,6,0,143,0.0,0.65035,,v24_testis
ENST00000377049,6,0,105,0.0,0.57619,,v24_testis
ENST00000251546,14,1,224,0.00032,0.58578,0.90625,v24_testis
ENST00000263932,29,5,595,0.00029,0.43379,0.24034,v24_testis
ENST00000376637,6,4,111,0.00601,0.53303,0.66441,v24_testis
ENST00000614859,10,3,194,0.00155,0.48247,0.47423,v24_testis
ENST00000359318,16,9,407,0.00138,0.52165,0.63172,v24_testis
ENST00000334600,22,7,474,0.00067,0.40526,0.42706,v24_testis
ENST00000602960,20,6,475,0.00063,0.48463,0.48666,v24_testis
ENST00000616484,27,4,474,0.00031,0.4632,0.42563,v24_testis
ENST00000357367,27,4,474,0.00031,0.4632,0.42563,v24_testis
ENST00000632222,27,4,474,0.00031,0.4632,0.42563,v24_testis
ENST00000636073,27,4,474,0.00031,0.4632,0.42563,v24_testis
ENST00000359621,9,1,269,0.00041,0.53697,0.82528,v24_testis
ENST00000375910,10,1,269,0.00037,0.45056,0.82528,v24_testis
ENST00000537142,38,6,721,0.00022,0.5726,0.57166,v24_testis
ENST00000375471,27,6,663,0.00034,0.54539,0.52866,v24_testis
ENST00000631074,27,6,663,0.00034,0.54539,0.52866,v24_testis
ENST00000375121,11,3,227,0.0012,0.4121,0.39501,v24_testis
ENST00000289815,61,7,1215,9e-05,0.5325,0.4428,v24_testis
ENST00000444387,24,4,423,0.00039,0.39096,0.35461,v24_testis
ENST00000400463,60,8,1028,0.00013,0.51782,0.6216,v24_testis
ENST00000247986,60,8,1029,0.00013,0.5174,0.62111,v24_testis
ENST00000166244,43,6,1005,0.00014,0.54409,0.567,v24_testis
ENST00000566855,4,1,121,0.00207,0.49587,0.61157,v24_testis
ENST00000374619,10,2,377,0.00053,0.45995,0.7427,v24_testis
ENST00000634683,29,1,437,8e-05,0.51811,0.47597,v24_testis
ENST00000361729,29,1,437,8e-05,0.51811,0.47597,v24_testis
ENST00000236255,19,6,607,0.00052,0.58216,0.6771,v24_testis
ENST00000003583,11,3,287,0.00095,0.52075,0.79675,v24_testis
ENST00000337248,16,8,334,0.0015,0.43245,0.36564,v24_testis
ENST00000003583,11,3,287,0.00095,0.52075,0.79675,v24_testis
ENST00000374409,16,8,334,0.0015,0.43245,0.36564,v24_testis
ENST00000294413,12,3,417,0.0006,0.44704,0.22942,v24_testis
ENST00000326279,12,3,209,0.0012,0.60247,0.67942,v24_testis
ENST00000426559,12,4,174,0.00192,0.52299,0.5546,v24_testis
ENST00000357865,9,3,149,0.00224,0.48397,0.55257,v24_testis
ENST00000349618,33,7,504,0.00042,0.5196,0.34722,v24_testis
ENST00000349618,33,7,504,0.00042,0.5196,0.34722,v24_testis
ENST00000374221,37,4,520,0.00021,0.48259,0.50721,v24_testis
ENST00000674202,21,9,493,0.00087,0.53869,0.6865,v24_testis
ENST00000478104,4,2,154,0.00325,0.38149,0.26623,v24_testis
ENST00000373912,14,5,270,0.00132,0.47513,0.38444,v24_testis
ENST00000339145,2,0,138,0.0,0.38406,,v24_testis
ENST00000335514,10,3,106,0.00283,0.51509,0.48428,v24_testis
ENST00000647074,10,3,106,0.00283,0.51509,0.48428,v24_testis
ENST00000373824,11,5,161,0.00282,0.52456,0.48944,v24_testis
ENST00000460170,74,9,1440,8e-05,0.44192,0.44676,v24_testis
ENST00000536859,19,3,459,0.00034,0.60842,0.52941,v24_testis
ENST00000373602,11,0,200,0.0,0.55227,,v24_testis
ENST00000432622,3,0,127,0.0,0.50131,,v24_testis
ENST00000373534,13,1,268,0.00029,0.49627,0.43284,v24_testis
ENST00000609129,21,7,495,0.00067,0.53285,0.60924,v24_testis
ENST00000294517,18,5,460,0.0006,0.49517,0.43131,v24_testis
ENST00000419121,18,4,374,0.00059,0.38013,0.5254,v24_testis
ENST00000455895,18,4,430,0.00052,0.42468,0.58721,v24_testis
ENST00000356990,18,5,587,0.00047,0.49073,0.63952,v24_testis
ENST00000339480,5,1,266,0.00075,0.32181,0.29699,v24_testis
ENST00000519684,13,2,186,0.00083,0.53226,0.7285,v24_testis
ENST00000417239,2,0,92,0.0,0.58152,,v24_testis
ENST00000207457,34,5,430,0.00034,0.43523,0.36465,v24_testis
ENST00000505871,32,4,645,0.00019,0.56037,0.35465,v24_testis
ENST00000327331,15,6,280,0.00143,0.51286,0.44345,v24_testis
ENST00000235532,25,6,379,0.00063,0.51937,0.54969,v24_testis
ENST00000354267,16,3,223,0.00084,0.54596,0.5157,v24_testis
ENST00000373012,21,0,451,0.0,0.46078,,v24_testis
ENST00000373048,50,6,1008,0.00012,0.56264,0.54068,v24_testis
ENST00000372852,15,1,328,0.0002,0.29898,0.23171,v24_testis
ENST00000454994,28,8,514,0.00056,0.51216,0.45452,v24_testis
ENST00000327582,18,1,517,0.00011,0.53664,0.82979,v24_testis
ENST00000335282,8,2,134,0.00187,0.34888,0.37314,v24_testis
ENST00000439569,34,2,407,0.00014,0.59387,0.37346,v24_testis
ENST00000302946,34,2,407,0.00014,0.59387,0.37346,v24_testis
ENST00000372521,10,3,66,0.00455,0.63182,0.58586,v24_testis
ENST00000310955,34,8,499,0.00047,0.44837,0.31338,v24_testis
ENST00000431635,32,9,361,0.00078,0.56934,0.56171,v24_testis
ENST00000535358,26,5,440,0.00044,0.47981,0.51955,v24_testis
ENST00000372318,27,5,307,0.0006,0.55145,0.60065,v24_testis
ENST00000371992,25,6,748,0.00032,0.47631,0.58957,v24_testis
ENST00000334122,14,3,206,0.00104,0.48509,0.46926,v24_testis
ENST00000537428,23,8,335,0.00104,0.53952,0.69478,v24_testis
ENST00000335071,5,0,319,0.0,0.61254,,v24_testis
ENST00000404795,16,0,542,0.0,0.47821,,v24_testis
ENST00000371839,26,4,503,0.00031,0.42682,0.3161,v24_testis
ENST00000236495,25,3,706,0.00017,0.51173,0.71341,v24_testis
ENST00000371827,21,5,366,0.00065,0.4343,0.27486,v24_testis
ENST00000371750,28,5,578,0.00031,0.43809,0.20692,v24_testis
ENST00000312233,31,6,620,0.00031,0.50255,0.65806,v24_testis
ENST00000194214,6,2,144,0.00231,0.53588,0.5868,v24_testis
ENST00000354412,27,3,700,0.00016,0.46831,0.69714,v24_testis
ENST00000347547,28,4,793,0.00018,0.49248,0.814,v24_testis
ENST00000371454,33,4,904,0.00013,0.49249,0.73673,v24_testis
ENST00000312553,25,3,613,0.0002,0.48653,0.54432,v24_testis
ENST00000371273,22,3,418,0.00033,0.50979,0.52472,v24_testis
ENST00000358193,22,3,414,0.00033,0.51471,0.52979,v24_testis
ENST00000371092,10,3,216,0.00139,0.41065,0.63889,v24_testis
ENST00000294638,17,9,356,0.00149,0.62525,0.65824,v24_testis
ENST00000370673,6,3,116,0.00431,0.6365,0.63793,v24_testis
ENST00000394834,6,3,102,0.0049,0.5866,0.58823,v24_testis
ENST00000370668,6,3,102,0.0049,0.5866,0.58823,v24_testis
ENST00000616170,19,9,394,0.0012,0.4817,0.51212,v24_testis
ENST00000482504,19,9,386,0.00123,0.48077,0.50892,v24_testis
ENST00000370290,6,1,120,0.00139,0.65972,0.725,v24_testis
ENST00000370203,5,4,263,0.00304,0.68137,0.64734,v24_testis
ENST00000263177,16,7,321,0.00136,0.53057,0.64041,v24_testis
ENST00000370188,15,6,316,0.00127,0.50949,0.59546,v24_testis
ENST00000361544,24,7,623,0.00047,0.60393,0.63999,v24_testis
ENST00000370066,18,7,480,0.00081,0.47211,0.5253,v24_testis
ENST00000369949,8,1,157,0.0008,0.49841,0.16561,v24_testis
ENST00000369870,25,7,722,0.00039,0.42188,0.51741,v24_testis
ENST00000369907,19,4,333,0.00063,0.5358,0.58859,v24_testis
ENST00000351050,16,3,354,0.00053,0.4435,0.45669,v24_testis
ENST00000538610,11,3,183,0.00149,0.5847,0.52459,v24_testis
ENST00000538610,11,3,183,0.00149,0.5847,0.52459,v24_testis
ENST00000361066,13,7,225,0.00239,0.57641,0.69524,v24_testis
ENST00000334179,18,3,174,0.00096,0.51756,0.83333,v24_testis
ENST00000331565,19,1,727,7e-05,0.34489,0.16644,v24_testis
ENST00000271331,3,0,105,0.0,0.25079,,v24_testis
ENST00000369784,46,6,977,0.00013,0.59741,0.65575,v24_testis
ENST00000369770,21,5,356,0.00067,0.53317,0.51966,v24_testis
ENST00000485275,13,5,233,0.00165,0.54837,0.49356,v24_testis
ENST00000393614,27,9,483,0.00069,0.42896,0.43133,v24_testis
ENST00000369716,8,2,347,0.00072,0.57097,0.95678,v24_testis
ENST00000369717,9,2,266,0.00084,0.4244,0.94361,v24_testis
ENST00000369686,23,3,372,0.00035,0.42391,0.12097,v24_testis
ENST00000369684,21,1,391,0.00012,0.47875,0.27366,v24_testis
ENST00000309276,24,5,505,0.00041,0.48366,0.53267,v24_testis
ENST00000413052,48,7,1003,0.00015,0.58377,0.66087,v24_testis
ENST00000361886,8,1,133,0.00094,0.54135,0.73684,v24_testis
ENST00000538576,18,7,500,0.00078,0.57522,0.52371,v24_testis
ENST00000628110,18,7,500,0.00078,0.57522,0.52371,v24_testis
ENST00000369489,8,4,250,0.002,0.4705,0.456,v24_testis
ENST00000369442,25,8,496,0.00065,0.47718,0.54335,v24_testis
ENST00000369458,10,3,282,0.00106,0.48156,0.50355,v24_testis
ENST00000369458,10,3,282,0.00106,0.48156,0.50355,v24_testis
ENST00000369390,2,1,149,0.00336,0.42953,0.14765,v24_testis
ENST00000400889,2,1,149,0.00336,0.42953,0.14765,v24_testis
ENST00000313835,22,8,455,0.0008,0.5005,0.45384,v24_testis
ENST00000534502,21,8,430,0.00089,0.49524,0.42209,v24_testis
ENST00000314163,22,8,455,0.0008,0.5005,0.45384,v24_testis
ENST00000368918,29,8,448,0.00062,0.62123,0.6197,v24_testis
ENST00000368926,14,4,341,0.00084,0.57478,0.67448,v24_testis
ENST00000312210,34,9,327,0.00081,0.60425,0.50968,v24_testis
ENST00000479191,6,1,92,0.00181,0.33514,0.31522,v24_testis
ENST00000290583,53,6,465,0.00024,0.60272,0.57384,v24_testis
ENST00000290585,51,6,415,0.00028,0.60364,0.56265,v24_testis
ENST00000368905,15,4,230,0.00116,0.53217,0.41087,v24_testis
ENST00000400999,12,3,235,0.00106,0.49468,0.6,v24_testis
ENST00000368824,21,9,561,0.00076,0.38214,0.29293,v24_testis
ENST00000368755,12,4,72,0.00463,0.39352,0.33334,v24_testis
ENST00000468739,12,4,72,0.00463,0.39352,0.33334,v24_testis
ENST00000331860,17,7,169,0.00244,0.33693,0.25866,v24_testis
ENST00000476133,4,1,98,0.00255,0.45408,0.67347,v24_testis
ENST00000368480,21,4,366,0.00052,0.51978,0.65984,v24_testis
ENST00000368482,19,4,351,0.0006,0.49063,0.68804,v24_testis
ENST00000368439,3,2,63,0.01058,0.5291,0.53175,v24_testis
ENST00000368408,9,1,238,0.00047,0.39963,0.85294,v24_testis
ENST00000417934,26,4,573,0.00027,0.47288,0.27094,v24_testis
ENST00000334634,49,9,759,0.00024,0.4251,0.50886,v24_testis
ENST00000611379,48,9,746,0.00025,0.4239,0.5003,v24_testis
ENST00000316721,18,4,435,0.00051,0.59323,0.58506,v24_testis
ENST00000342741,28,2,574,0.00012,0.4496,0.62979,v24_testis
ENST00000572740,28,2,574,0.00012,0.4496,0.62979,v24_testis
ENST00000338684,13,5,241,0.0016,0.43154,0.44647,v24_testis
ENST00000620103,20,8,475,0.00084,0.55379,0.51342,v24_testis
ENST00000423025,30,6,681,0.00029,0.48067,0.39427,v24_testis
ENST00000295542,32,8,706,0.00035,0.46862,0.32808,v24_testis
ENST00000339922,8,1,139,0.0009,0.52788,0.90647,v24_testis
ENST00000405535,13,3,394,0.00059,0.43069,0.18528,v24_testis
ENST00000472765,28,5,500,0.00036,0.54114,0.4664,v24_testis
ENST00000368255,11,6,125,0.00436,0.62255,0.61067,v24_testis
ENST00000361588,29,3,671,0.00015,0.51555,0.51615,v24_testis
ENST00000329117,42,8,911,0.00021,0.54043,0.69525,v24_testis
ENST00000337428,26,7,559,0.00048,0.54376,0.68592,v24_testis
ENST00000368154,6,4,144,0.00463,0.71296,0.76042,v24_testis
ENST00000452291,11,5,199,0.00228,0.55825,0.72663,v24_testis
ENST00000368166,11,5,187,0.00243,0.57073,0.73476,v24_testis
ENST00000368165,23,9,298,0.00131,0.46819,0.58277,v24_testis
ENST00000368156,23,9,286,0.00137,0.48054,0.59324,v24_testis
ENST00000444681,18,7,289,0.00135,0.50096,0.61839,v24_testis
ENST00000392302,38,5,736,0.00018,0.49625,0.26277,v24_testis
ENST00000368094,62,5,1179,7e-05,0.42227,0.64377,v24_testis
ENST00000470705,11,2,165,0.0011,0.42645,0.59697,v24_testis
ENST00000392192,13,2,288,0.00053,0.59375,0.625,v24_testis
ENST00000368011,15,5,349,0.00096,0.54556,0.72493,v24_testis
ENST00000368010,10,4,154,0.0026,0.46883,0.56169,v24_testis
ENST00000367935,16,3,261,0.00072,0.50359,0.37292,v24_testis
ENST00000437437,30,5,306,0.00054,0.55501,0.417,v24_testis
ENST00000426197,14,4,315,0.00091,0.53038,0.65714,v24_testis
ENST00000436743,13,5,254,0.00151,0.46396,0.53071,v24_testis
ENST00000294818,13,4,313,0.00098,0.56328,0.57908,v24_testis
ENST00000271417,25,8,639,0.0005,0.45052,0.33079,v24_testis
ENST00000367872,26,9,434,0.0008,0.44568,0.4744,v24_testis
ENST00000619224,16,4,340,0.00074,0.50662,0.37794,v24_testis
ENST00000271373,4,2,127,0.00394,0.59645,0.70472,v24_testis
ENST00000404377,10,5,177,0.00282,0.52429,0.45763,v24_testis
ENST00000281834,12,5,183,0.00228,0.43807,0.41311,v24_testis
ENST00000344529,12,3,297,0.00084,0.29798,0.25926,v24_testis
ENST00000333279,16,8,266,0.00188,0.49507,0.57848,v24_testis
ENST00000682279,17,7,344,0.0012,0.34319,0.49585,v24_testis
ENST00000682279,17,7,344,0.0012,0.34319,0.49585,v24_testis
ENST00000361539,45,8,783,0.00023,0.51034,0.3956,v24_testis
ENST00000478442,6,3,72,0.00694,0.67824,0.76389,v24_testis
ENST00000367639,10,7,215,0.00326,0.53535,0.52359,v24_testis
ENST00000367639,10,7,215,0.00326,0.53535,0.52359,v24_testis
ENST00000341785,4,0,167,0.0,0.48503,,v24_testis
ENST00000263726,27,6,390,0.00057,0.42934,0.66026,v24_testis
ENST00000540564,9,6,492,0.00136,0.521,0.57486,v24_testis
ENST00000539888,9,6,485,0.00137,0.51409,0.56873,v24_testis
ENST00000339948,35,5,568,0.00025,0.57877,0.39613,v24_testis
ENST00000367579,17,8,296,0.00159,0.58545,0.53885,v24_testis
ENST00000367555,15,7,240,0.00194,0.54278,0.375,v24_testis
ENST00000331872,14,3,373,0.00057,0.44657,0.26184,v24_testis
ENST00000367440,9,2,165,0.00135,0.46263,0.95758,v24_testis
ENST00000367440,9,2,165,0.00135,0.46263,0.95758,v24_testis
ENST00000367390,20,2,388,0.00026,0.57539,0.59278,v24_testis
ENST00000367387,21,2,397,0.00024,0.55787,0.60202,v24_testis
ENST00000367342,37,5,677,0.0002,0.44756,0.45465,v24_testis
ENST00000367318,19,1,288,0.00018,0.62262,0.78819,v24_testis
ENST00000646651,13,7,197,0.00273,0.46154,0.71719,v24_testis
ENST00000367262,8,1,123,0.00102,0.3435,0.33333,v24_testis
ENST00000309017,32,7,360,0.00061,0.53394,0.51945,v24_testis
ENST00000255416,27,4,477,0.00031,0.49973,0.3784,v24_testis
ENST00000367236,8,1,326,0.00038,0.47584,0.22393,v24_testis
ENST00000272190,16,5,406,0.00077,0.47322,0.6069,v24_testis
ENST00000367194,9,0,138,0.0,0.46779,,v24_testis
ENST00000367202,22,3,386,0.00035,0.59821,0.60449,v24_testis
ENST00000331830,44,6,1040,0.00013,0.45629,0.45401,v24_testis
ENST00000367155,15,4,350,0.00076,0.49467,0.58,v24_testis
ENST00000391936,7,1,108,0.00132,0.49735,0.36111,v24_testis
ENST00000367152,5,0,140,0.0,0.26571,,v24_testis
ENST00000289703,18,8,405,0.0011,0.43128,0.44722,v24_testis
ENST00000367128,2,1,149,0.00336,0.42953,0.14765,v24_testis
ENST00000367028,7,1,292,0.00049,0.46526,0.24315,v24_testis
ENST00000540251,23,7,388,0.00078,0.60589,0.58763,v24_testis
ENST00000366998,21,7,384,0.00087,0.57676,0.59375,v24_testis
ENST00000322918,9,3,349,0.00096,0.66921,0.66571,v24_testis
ENST00000413764,22,5,493,0.00046,0.49179,0.53712,v24_testis
ENST00000627903,22,5,493,0.00046,0.49179,0.53712,v24_testis
ENST00000294829,25,9,594,0.00061,0.37205,0.3309,v24_testis
ENST00000332912,5,4,98,0.00816,0.39592,0.40306,v24_testis
ENST00000366965,11,2,311,0.00058,0.67758,0.93408,v24_testis
ENST00000366968,14,2,290,0.00049,0.53177,0.92931,v24_testis
ENST00000366935,29,9,528,0.00059,0.50699,0.57134,v24_testis
ENST00000613104,10,3,124,0.00242,0.62742,0.77419,v24_testis
ENST00000613104,10,3,124,0.00242,0.62742,0.77419,v24_testis
ENST00000366929,17,8,442,0.00106,0.51331,0.64225,v24_testis
ENST00000343410,32,6,724,0.00026,0.49758,0.45534,v24_testis
ENST00000366938,20,6,435,0.00069,0.59264,0.5069,v24_testis
ENST00000272133,4,1,160,0.00156,0.50469,0.81875,v24_testis
ENST00000366850,10,7,228,0.00307,0.48158,0.42168,v24_testis
ENST00000420304,24,3,332,0.00038,0.5428,0.66064,v24_testis
ENST00000366815,9,2,136,0.00163,0.48856,0.48162,v24_testis
ENST00000366698,32,3,477,0.0002,0.42853,0.69392,v24_testis
ENST00000456946,25,2,343,0.00023,0.44338,0.77113,v24_testis
ENST00000336520,10,2,128,0.00156,0.57734,0.85156,v24_testis
ENST00000295050,27,9,489,0.00068,0.48239,0.64417,v24_testis
ENST00000358966,17,8,300,0.00157,0.39882,0.27,v24_testis
ENST00000359362,8,5,205,0.00305,0.54085,0.50537,v24_testis
ENST00000602567,12,6,186,0.00269,0.53226,0.59229,v24_testis
ENST00000646525,10,4,138,0.0029,0.65507,0.70652,v24_testis
ENST00000317586,11,3,369,0.00074,0.54743,0.1897,v24_testis
ENST00000450372,11,4,359,0.00101,0.33578,0.33217,v24_testis
ENST00000302550,6,1,194,0.00086,0.64605,0.7268,v24_testis
ENST00000366488,9,6,135,0.00494,0.33909,0.40617,v24_testis
ENST00000366481,27,2,486,0.00015,0.42905,0.53703,v24_testis
ENST00000479214,4,1,121,0.00207,0.60951,0.19835,v24_testis
ENST00000487338,8,1,172,0.00073,0.61846,0.13953,v24_testis
ENST00000339986,20,9,515,0.00087,0.49097,0.55189,v24_testis
ENST00000366503,14,7,389,0.00129,0.39203,0.34631,v24_testis
ENST00000366523,3,1,162,0.00206,0.61317,0.7963,v24_testis
ENST00000568584,21,6,444,0.00064,0.51169,0.60623,v24_testis
ENST00000451251,26,8,524,0.00059,0.55042,0.6875,v24_testis
ENST00000298375,13,5,320,0.0012,0.70192,0.73063,v24_testis
ENST00000315238,5,1,149,0.00134,0.39329,0.90604,v24_testis
ENST00000479328,13,5,406,0.00095,0.40281,0.34581,v24_testis
ENST00000378572,17,9,342,0.00155,0.51772,0.55458,v24_testis
ENST00000298428,23,9,476,0.00082,0.52521,0.52171,v24_testis
ENST00000475268,21,8,418,0.00091,0.55035,0.5296,v24_testis
ENST00000407572,6,6,88,0.01136,0.50379,0.50379,v24_testis
ENST00000378614,10,3,321,0.00093,0.31028,0.3458,v24_testis
ENST00000327347,20,5,392,0.00064,0.50357,0.55663,v24_testis
ENST00000378228,9,3,265,0.00126,0.40922,0.55597,v24_testis
ENST00000378202,12,7,283,0.00206,0.4894,0.44321,v24_testis
ENST00000378203,12,7,283,0.00206,0.4894,0.44321,v24_testis
ENST00000378325,12,6,230,0.00217,0.46449,0.4913,v24_testis
ENST00000377091,8,3,126,0.00298,0.68056,0.48677,v24_testis
ENST00000331161,10,2,256,0.00078,0.59922,0.65234,v24_testis
ENST00000642324,30,6,767,0.00026,0.43816,0.59713,v24_testis
ENST00000617711,30,6,767,0.00026,0.43816,0.59713,v24_testis
ENST00000621805,11,5,235,0.00193,0.57602,0.55915,v24_testis
ENST00000374706,11,5,287,0.00158,0.45454,0.30871,v24_testis
ENST00000356053,16,1,415,0.00015,0.57635,0.30843,v24_testis
ENST00000374726,9,3,137,0.00243,0.45093,0.43796,v24_testis
ENST00000354759,16,5,248,0.00126,0.46371,0.33064,v24_testis
ENST00000342105,23,7,245,0.00124,0.57019,0.49971,v24_testis
ENST00000342105,23,7,245,0.00124,0.57019,0.49971,v24_testis
ENST00000487763,10,1,121,0.00083,0.51488,0.32231,v24_testis
ENST00000374314,26,6,458,0.0005,0.46246,0.32351,v24_testis
ENST00000395769,13,4,291,0.00106,0.43695,0.4244,v24_testis
ENST00000395771,10,2,240,0.00083,0.45458,0.73542,v24_testis
ENST00000585316,22,4,340,0.00053,0.51685,0.57353,v24_testis
ENST00000585281,12,3,327,0.00076,0.33945,0.26198,v24_testis
ENST00000374160,4,0,261,0.0,0.47605,,v24_testis
ENST00000417247,26,5,608,0.00032,0.45021,0.43092,v24_testis
ENST00000580018,10,1,209,0.00048,0.64784,0.98565,v24_testis
ENST00000487519,17,8,246,0.00191,0.53228,0.57571,v24_testis
ENST00000373783,14,1,270,0.00026,0.43651,0.92963,v24_testis
ENST00000316629,8,6,240,0.00312,0.54375,0.525,v24_testis
ENST00000395284,11,8,297,0.00245,0.4977,0.49284,v24_testis
ENST00000373880,13,7,376,0.00143,0.53539,0.46163,v24_testis
ENST00000373878,12,6,350,0.00143,0.5419,0.49048,v24_testis
ENST00000637191,15,3,476,0.00042,0.46779,0.52801,v24_testis
ENST00000637191,15,3,476,0.00042,0.46779,0.52801,v24_testis
ENST00000287078,21,4,566,0.00034,0.52566,0.33569,v24_testis
ENST00000522165,29,8,686,0.0004,0.46647,0.37281,v24_testis
ENST00000436817,35,5,921,0.00016,0.48894,0.61368,v24_testis
ENST00000298649,33,5,916,0.00017,0.51604,0.61157,v24_testis
ENST00000619887,40,4,1079,9e-05,0.52451,0.46409,v24_testis
ENST00000615507,3,1,85,0.00392,0.67451,0.56471,v24_testis
ENST00000351293,25,8,495,0.00065,0.50287,0.52399,v24_testis
ENST00000472493,16,1,198,0.00032,0.48359,0.19192,v24_testis
ENST00000256039,14,8,177,0.00323,0.59766,0.63348,v24_testis
ENST00000372213,18,4,395,0.00056,0.49086,0.53165,v24_testis
ENST00000313455,23,5,309,0.0007,0.52216,0.47831,v24_testis
ENST00000652092,9,0,291,0.0,0.68881,,v24_testis
ENST00000371939,12,8,366,0.00182,0.50979,0.57855,v24_testis
ENST00000404743,25,9,423,0.00085,0.49787,0.50039,v24_testis
ENST00000238983,16,8,398,0.00126,0.58339,0.61401,v24_testis
ENST00000394375,16,8,408,0.00123,0.5936,0.62347,v24_testis
ENST00000371703,6,2,268,0.00124,0.4148,0.20336,v24_testis
ENST00000371719,12,3,432,0.00058,0.59992,0.47531,v24_testis
ENST00000336152,13,4,479,0.00064,0.57235,0.55846,v24_testis
ENST00000371531,19,2,428,0.00025,0.50664,0.64603,v24_testis
ENST00000371483,13,1,377,0.0002,0.5099,0.61273,v24_testis
ENST00000427197,12,5,365,0.00114,0.46073,0.58247,v24_testis
ENST00000370664,14,1,227,0.00031,0.64852,0.03084,v24_testis
ENST00000370640,12,1,223,0.00037,0.57922,0.01794,v24_testis
ENST00000393760,15,4,377,0.00071,0.4481,0.54377,v24_testis
ENST00000356713,33,6,951,0.00019,0.56196,0.72941,v24_testis
ENST00000370602,9,1,167,0.00067,0.32601,0.1976,v24_testis
ENST00000423344,12,7,176,0.00331,0.53125,0.61607,v24_testis
ENST00000370549,27,4,534,0.00028,0.54501,0.4691,v24_testis
ENST00000357540,12,0,318,0.0,0.50288,,v24_testis
ENST00000370200,16,1,304,0.00021,0.66036,0.85526,v24_testis
ENST00000467928,9,1,257,0.00043,0.58625,0.75097,v24_testis
ENST00000370151,11,1,203,0.00045,0.53292,0.90148,v24_testis
ENST00000355243,19,4,394,0.00053,0.45592,0.51332,v24_testis
ENST00000619208,49,7,1033,0.00014,0.54452,0.54584,v24_testis
ENST00000476766,9,4,128,0.00347,0.40278,0.25586,v24_testis
ENST00000370228,39,8,582,0.00035,0.49057,0.57474,v24_testis
ENST00000346714,14,1,204,0.00035,0.48599,0.16176,v24_testis
ENST00000415897,35,8,470,0.00049,0.47915,0.43245,v24_testis
ENST00000318364,13,2,159,0.00097,0.65312,0.96226,v24_testis
ENST00000370005,11,2,270,0.00067,0.54781,0.44074,v24_testis
ENST00000361198,21,4,375,0.00051,0.57054,0.57,v24_testis
ENST00000369887,23,8,508,0.00068,0.55965,0.43209,v24_testis
ENST00000369899,22,5,433,0.00052,0.53328,0.65219,v24_testis
ENST00000369875,13,0,552,0.0,0.43757,,v24_testis
ENST00000338595,9,4,243,0.00183,0.52767,0.63683,v24_testis
ENST00000539281,6,3,213,0.00235,0.53756,0.47574,v24_testis
ENST00000448814,7,4,92,0.00621,0.79193,0.83696,v24_testis
ENST00000423273,6,4,67,0.00995,0.80597,0.77612,v24_testis
ENST00000454061,5,3,103,0.00583,0.52621,0.44984,v24_testis
ENST00000621607,18,5,336,0.00083,0.53009,0.5875,v24_testis
ENST00000709151,8,2,154,0.00162,0.4099,0.31494,v24_testis
ENST00000369210,8,2,154,0.00162,0.4099,0.31494,v24_testis
ENST00000277905,12,1,186,0.00045,0.6017,0.85484,v24_testis
ENST00000704414,25,9,459,0.00078,0.49717,0.51924,v24_testis
ENST00000355422,18,7,465,0.00084,0.44444,0.58433,v24_testis
ENST00000398250,8,1,271,0.00046,0.39345,0.82288,v24_testis
ENST00000260723,27,8,506,0.00059,0.47299,0.28261,v24_testis
ENST00000528446,6,1,107,0.00156,0.70249,0.86916,v24_testis
ENST00000368858,18,5,326,0.00085,0.49438,0.3865,v24_testis
ENST00000368898,2,0,94,0.0,0.65426,,v24_testis
ENST00000368693,13,5,345,0.00111,0.47715,0.60522,v24_testis
ENST00000522781,33,7,479,0.00044,0.55513,0.63167,v24_testis
ENST00000368759,20,8,322,0.00124,0.5132,0.54969,v24_testis
ENST00000298630,23,2,486,0.00018,0.48452,0.49486,v24_testis
ENST00000304477,17,0,341,0.0,0.56184,,v24_testis
ENST00000631148,18,3,499,0.00033,0.54821,0.64329,v24_testis
ENST00000433452,10,1,151,0.00066,0.59139,0.52318,v24_testis
ENST00000625755,24,8,383,0.00087,0.57202,0.35705,v24_testis
ENST00000480071,9,1,325,0.00034,0.4147,0.69231,v24_testis
ENST00000278060,19,3,511,0.00031,0.57061,0.67449,v24_testis
ENST00000342878,4,1,95,0.00263,0.74736,0.95789,v24_testis
ENST00000543663,47,9,930,0.00021,0.49513,0.46404,v24_testis
ENST00000368517,34,9,282,0.00094,0.56998,0.60363,v24_testis
ENST00000308020,17,2,487,0.00024,0.52506,0.20123,v24_testis
ENST00000633628,1,0,17,0.0,0.23529,,v24_testis
ENST00000270115,30,5,542,0.00031,0.51433,0.30849,v24_testis
ENST00000611111,30,5,542,0.00031,0.51433,0.30849,v24_testis
ENST00000621319,38,5,634,0.00021,0.37066,0.23628,v24_testis
ENST00000329451,38,5,634,0.00021,0.37066,0.23628,v24_testis
ENST00000176195,5,1,121,0.00165,0.44132,0.41322,v24_testis
ENST00000622382,5,1,121,0.00165,0.44132,0.41322,v24_testis
ENST00000611962,12,0,419,0.0,0.49761,,v24_testis
ENST00000176183,12,0,419,0.0,0.49761,,v24_testis
ENST00000531214,24,3,323,0.00039,0.47033,0.67079,v24_testis
ENST00000632527,26,1,461,8e-05,0.42984,0.75054,v24_testis
ENST00000533410,26,1,461,8e-05,0.42984,0.75054,v24_testis
ENST00000323578,21,2,393,0.00024,0.54998,0.18066,v24_testis
ENST00000707533,27,2,668,0.00011,0.51475,0.36378,v24_testis
ENST00000308219,27,2,668,0.00011,0.51475,0.36378,v24_testis
ENST00000529433,28,2,674,0.00011,0.52708,0.36054,v24_testis
ENST00000707534,28,2,674,0.00011,0.52708,0.36054,v24_testis
ENST00000672632,9,1,182,0.00061,0.4188,0.36264,v24_testis
ENST00000381906,9,1,182,0.00061,0.4188,0.36264,v24_testis
ENST00000696290,53,7,1165,0.00011,0.50317,0.63421,v24_testis
ENST00000397068,16,4,291,0.00086,0.54231,0.6933,v24_testis
ENST00000359918,16,4,291,0.00086,0.54231,0.6933,v24_testis
ENST00000316375,20,4,333,0.0006,0.52718,0.3964,v24_testis
ENST00000300773,7,1,312,0.00046,0.66941,0.95192,v24_testis
ENST00000379936,28,9,575,0.00056,0.63056,0.63594,v24_testis
ENST00000449352,47,4,972,9e-05,0.47148,0.53781,v24_testis
ENST00000306904,8,0,392,0.0,0.56409,,v24_testis
ENST00000299498,11,2,276,0.00066,0.52503,0.20652,v24_testis
ENST00000315204,18,8,514,0.00086,0.49719,0.35092,v24_testis
ENST00000309166,13,3,241,0.00096,0.35174,0.4343,v24_testis
ENST00000305253,36,7,561,0.00035,0.43514,0.53756,v24_testis
ENST00000396991,8,5,272,0.0023,0.54642,0.55662,v24_testis
ENST00000396993,4,3,98,0.00765,0.58929,0.45918,v24_testis
ENST00000532017,1,0,56,0.0,0.03571,,v24_testis
ENST00000465307,14,6,211,0.00203,0.57989,0.73065,v24_testis
ENST00000463452,6,3,254,0.00197,0.60958,0.79134,v24_testis
ENST00000479072,3,2,94,0.00709,0.71631,0.5851,v24_testis
ENST00000299596,11,4,291,0.00125,0.48828,0.5378,v24_testis
ENST00000396648,8,4,183,0.00273,0.47814,0.63798,v24_testis
ENST00000528848,24,5,391,0.00053,0.50661,0.59284,v24_testis
ENST00000396275,9,3,322,0.00104,0.80021,0.853,v24_testis
ENST00000379472,12,2,511,0.00033,0.57697,0.83562,v24_testis
ENST00000251968,16,8,390,0.00128,0.61571,0.62051,v24_testis
ENST00000280706,9,2,332,0.00067,0.51941,0.58886,v24_testis
ENST00000396213,9,2,332,0.00067,0.51941,0.58886,v24_testis
ENST00000501599,4,2,59,0.00847,0.66102,0.63559,v24_testis
ENST00000541669,9,4,332,0.00134,0.39893,0.64608,v24_testis
ENST00000541669,9,4,332,0.00134,0.39893,0.64608,v24_testis
ENST00000358540,32,7,565,0.00039,0.61222,0.34387,v24_testis
ENST00000455601,7,4,334,0.00171,0.53721,0.35329,v24_testis
ENST00000529533,8,5,361,0.00173,0.50173,0.32354,v24_testis
ENST00000640961,16,7,424,0.00103,0.44001,0.4562,v24_testis
ENST00000673007,14,5,361,0.00099,0.47091,0.43601,v24_testis
ENST00000379412,14,5,361,0.00099,0.47091,0.43601,v24_testis
ENST00000530998,23,6,288,0.00091,0.5157,0.6794,v24_testis
ENST00000379079,24,6,302,0.00083,0.51932,0.6915,v24_testis
ENST00000379011,5,1,193,0.00104,0.62487,0.9171,v24_testis
ENST00000356660,11,2,247,0.00074,0.57637,0.25506,v24_testis
ENST00000530639,22,3,368,0.00037,0.43009,0.27174,v24_testis
ENST00000334307,12,6,221,0.00226,0.53054,0.43665,v24_testis
ENST00000652299,36,3,411,0.0002,0.41694,0.48824,v24_testis
ENST00000241014,37,3,711,0.00011,0.45459,0.29161,v24_testis
ENST00000682254,17,1,479,0.00012,0.55741,0.02714,v24_testis
ENST00000326737,19,9,349,0.00136,0.5046,0.48965,v24_testis
ENST00000241041,22,3,346,0.00039,0.4841,0.69557,v24_testis
ENST00000421244,61,5,929,9e-05,0.57284,0.68353,v24_testis
ENST00000359513,22,8,517,0.0007,0.52427,0.56117,v24_testis
ENST00000302514,11,0,329,0.0,0.48218,,v24_testis
ENST00000642567,8,0,329,0.0,0.36132,,v24_testis
ENST00000616973,34,9,453,0.00058,0.50422,0.3998,v24_testis
ENST00000616973,34,9,453,0.00058,0.50422,0.3998,v24_testis
ENST00000326674,11,3,201,0.00136,0.57531,0.48425,v24_testis
ENST00000402192,36,7,1587,0.00012,0.18713,0.29382,v24_testis
ENST00000337672,6,4,194,0.00344,0.68127,0.57732,v24_testis
ENST00000316059,31,8,570,0.00045,0.40719,0.45921,v24_testis
ENST00000684409,8,3,147,0.00255,0.42347,0.4263,v24_testis
ENST00000016913,12,8,267,0.0025,0.29588,0.18633,v24_testis
ENST00000308287,15,3,267,0.00075,0.5191,0.87765,v24_testis
ENST00000278853,45,9,638,0.00031,0.55437,0.52299,v24_testis
ENST00000344931,15,4,468,0.00057,0.54473,0.625,v24_testis
ENST00000432063,35,7,405,0.00049,0.5351,0.53651,v24_testis
ENST00000338608,36,7,425,0.00046,0.53065,0.53143,v24_testis
ENST00000334888,4,0,148,0.0,0.48311,,v24_testis
ENST00000305885,23,5,380,0.00057,0.46613,0.24631,v24_testis
ENST00000244930,3,1,95,0.00351,0.62105,0.48421,v24_testis
ENST00000244926,4,2,90,0.00556,0.63333,0.76666,v24_testis
ENST00000278849,73,8,914,0.00012,0.56918,0.4267,v24_testis
ENST00000278893,17,7,287,0.00143,0.60894,0.76406,v24_testis
ENST00000407022,24,6,398,0.00063,0.56732,0.65201,v24_testis
ENST00000360796,27,6,462,0.00048,0.56277,0.70022,v24_testis
ENST00000294117,2,1,75,0.00667,0.23334,0.28,v24_testis
ENST00000294244,16,2,381,0.00033,0.4749,0.34252,v24_testis
ENST00000301459,34,9,523,0.00051,0.58137,0.53176,v24_testis
ENST00000628077,23,6,241,0.00108,0.628,0.69156,v24_testis
ENST00000540857,14,1,269,0.00027,0.43468,0.26766,v24_testis
ENST00000301790,14,1,279,0.00026,0.44982,0.29391,v24_testis
ENST00000539221,12,1,253,0.00033,0.41568,0.32411,v24_testis
ENST00000328404,10,1,200,0.0005,0.576,0.195,v24_testis
ENST00000301891,29,2,550,0.00013,0.47862,0.34909,v24_testis
ENST00000541278,17,3,216,0.00082,0.43355,0.67747,v24_testis
ENST00000377559,54,6,1642,7e-05,0.55296,0.5808,v24_testis
ENST00000265459,57,7,1712,7e-05,0.55463,0.60648,v24_testis
ENST00000279168,11,4,129,0.00282,0.4919,0.4748,v24_testis
ENST00000275517,6,2,252,0.00132,0.38161,0.44842,v24_testis
ENST00000394532,12,1,168,0.0005,0.52579,0.6369,v24_testis
ENST00000438980,16,4,396,0.00063,0.52336,0.58018,v24_testis
ENST00000377702,13,4,346,0.00089,0.52157,0.59176,v24_testis
ENST00000438980,16,4,396,0.00063,0.52336,0.58018,v24_testis
ENST00000652489,19,1,358,0.00015,0.45251,0.56145,v24_testis
ENST00000310597,16,3,403,0.00047,0.55568,0.58561,v24_testis
ENST00000309880,23,8,471,0.00074,0.39509,0.53662,v24_testis
ENST00000710881,35,3,615,0.00014,0.58276,0.85637,v24_testis
ENST00000335987,13,2,267,0.00058,0.5811,0.55056,v24_testis
ENST00000312106,52,8,780,0.0002,0.49053,0.26747,v24_testis
ENST00000338369,15,4,364,0.00073,0.48919,0.58242,v24_testis
ENST00000357519,15,4,357,0.00075,0.49225,0.58403,v24_testis
ENST00000311445,2,0,160,0.0,0.54375,,v24_testis
ENST00000417856,35,4,622,0.00018,0.42921,0.30748,v24_testis
ENST00000356135,23,6,439,0.00059,0.46588,0.6697,v24_testis
ENST00000265689,26,9,457,0.00076,0.45758,0.57209,v24_testis
ENST00000544963,14,8,306,0.00187,0.65523,0.78472,v24_testis
ENST00000530676,29,3,840,0.00012,0.60333,0.55675,v24_testis
ENST00000398536,6,0,165,0.0,0.78788,,v24_testis
ENST00000528743,7,0,169,0.0,0.73795,,v24_testis
ENST00000672873,1,1,1185,0.00084,0.02363,0.02363,v24_testis
ENST00000294053,33,5,707,0.00021,0.52677,0.34286,v24_testis
ENST00000298231,10,2,284,0.0007,0.42676,0.65317,v24_testis
ENST00000298223,12,2,255,0.00065,0.51046,0.48628,v24_testis
ENST00000393591,14,1,328,0.00022,0.57644,0.96341,v24_testis
ENST00000339764,15,0,316,0.0,0.48692,,v24_testis
ENST00000331597,21,6,544,0.00053,0.52013,0.64614,v24_testis
ENST00000310109,7,0,231,0.0,0.37662,,v24_testis
ENST00000263671,23,7,451,0.00067,0.52791,0.62052,v24_testis
ENST00000562197,11,1,382,0.00024,0.37649,0.01571,v24_testis
ENST00000340360,34,9,792,0.00033,0.5843,0.48457,v24_testis
ENST00000289488,9,3,192,0.00174,0.4132,0.18924,v24_testis
ENST00000541614,7,3,158,0.00271,0.34358,0.22996,v24_testis
ENST00000307198,13,3,291,0.00079,0.50278,0.6953,v24_testis
ENST00000539798,17,2,583,0.0002,0.57744,0.56346,v24_testis
ENST00000434603,31,2,439,0.00015,0.44272,0.81663,v24_testis
ENST00000315938,12,7,520,0.00112,0.575,0.62088,v24_testis
ENST00000313578,13,3,271,0.00085,0.39938,0.52275,v24_testis
ENST00000393392,17,7,389,0.00106,0.4346,0.48623,v24_testis
ENST00000316398,37,9,374,0.00065,0.52609,0.57427,v24_testis
ENST00000531274,4,3,52,0.01442,0.27404,0.33975,v24_testis
ENST00000527447,13,1,354,0.00022,0.56193,0.72599,v24_testis
ENST00000533892,11,6,336,0.00162,0.36851,0.30556,v24_testis
ENST00000335080,27,9,523,0.00064,0.51809,0.53261,v24_testis
ENST00000279839,13,5,229,0.00168,0.51461,0.4952,v24_testis
ENST00000534360,7,3,99,0.00433,0.44589,0.52525,v24_testis
ENST00000434758,16,8,267,0.00187,0.44008,0.51545,v24_testis
ENST00000299855,11,7,477,0.00133,0.48218,0.48128,v24_testis
ENST00000393150,14,6,321,0.00134,0.53405,0.57788,v24_testis
ENST00000320578,11,6,217,0.00251,0.4248,0.5407,v24_testis
ENST00000278618,15,5,309,0.00108,0.51629,0.53722,v24_testis
ENST00000393084,14,8,313,0.00183,0.4183,0.4373,v24_testis
ENST00000703420,3,2,124,0.00538,0.70161,0.59678,v24_testis
ENST00000458137,6,3,168,0.00298,0.62004,0.62103,v24_testis
ENST00000417998,6,3,168,0.00298,0.62004,0.62103,v24_testis
ENST00000280325,14,4,288,0.00099,0.34697,0.30295,v24_testis
ENST00000375618,12,5,169,0.00247,0.44822,0.43905,v24_testis
ENST00000332814,17,7,196,0.0021,0.4919,0.48907,v24_testis
ENST00000260276,11,2,150,0.00121,0.46364,0.47334,v24_testis
ENST00000280358,4,3,123,0.0061,0.71748,0.65854,v24_testis
ENST00000362072,12,1,443,0.00019,0.56528,0.83973,v24_testis
ENST00000325636,7,2,147,0.00194,0.47328,0.40476,v24_testis
ENST00000227322,25,6,459,0.00052,0.51738,0.61728,v24_testis
ENST00000236850,20,2,267,0.00037,0.41442,0.2809,v24_testis
ENST00000530272,13,5,202,0.0019,0.37928,0.44554,v24_testis
ENST00000437212,20,3,437,0.00034,0.4992,0.18002,v24_testis
ENST00000260282,4,1,95,0.00263,0.70263,0.69474,v24_testis
ENST00000503566,21,3,210,0.00068,0.52698,0.45556,v24_testis
ENST00000615496,20,6,646,0.00046,0.54698,0.6468,v24_testis
ENST00000260187,32,6,605,0.00031,0.50956,0.51846,v24_testis
ENST00000422003,18,8,424,0.00105,0.53564,0.5003,v24_testis
ENST00000307257,19,7,307,0.0012,0.4802,0.56864,v24_testis
ENST00000529187,5,0,148,0.0,0.42432,,v24_testis
ENST00000641972,7,4,311,0.00184,0.52411,0.47347,v24_testis
ENST00000358524,2,1,113,0.00442,0.54425,0.47788,v24_testis
ENST00000227135,8,4,151,0.00331,0.4702,0.54802,v24_testis
ENST00000281437,24,9,279,0.00134,0.59185,0.67025,v24_testis
ENST00000458238,6,2,86,0.00388,0.46899,0.30232,v24_testis
ENST00000431683,26,8,653,0.00047,0.56055,0.69219,v24_testis
ENST00000684302,21,3,614,0.00023,0.44967,0.77687,v24_testis
ENST00000646030,19,2,370,0.00028,0.52688,0.56081,v24_testis
ENST00000299194,19,2,370,0.00028,0.52688,0.56081,v24_testis
ENST00000352618,12,8,335,0.00199,0.43856,0.41045,v24_testis
ENST00000228843,12,8,352,0.00189,0.4536,0.42081,v24_testis
ENST00000682686,55,8,2127,7e-05,0.34068,0.40579,v24_testis
ENST00000347598,9,0,2186,0.0,0.03685,,v24_testis
ENST00000229238,5,0,128,0.0,0.79531,,v24_testis
ENST00000229243,47,8,543,0.00031,0.53501,0.3994,v24_testis
ENST00000540656,18,1,282,0.0002,0.56166,0.10284,v24_testis
ENST00000534837,18,1,276,0.0002,0.57387,0.10507,v24_testis
ENST00000203629,39,7,525,0.00034,0.54159,0.58639,v24_testis
ENST00000444704,9,3,225,0.00148,0.4637,0.35852,v24_testis
ENST00000423703,10,5,179,0.00279,0.44022,0.40223,v24_testis
ENST00000412586,12,5,246,0.00169,0.41362,0.29024,v24_testis
ENST00000396858,8,0,293,0.0,0.38737,,v24_testis
ENST00000538862,20,7,268,0.00131,0.5722,0.55917,v24_testis
ENST00000007969,19,2,343,0.00031,0.67623,0.95918,v24_testis
ENST00000443597,19,2,343,0.00031,0.67623,0.95918,v24_testis
ENST00000613953,15,4,286,0.00093,0.53869,0.67395,v24_testis
ENST00000542353,15,8,213,0.0025,0.44757,0.46068,v24_testis
ENST00000672694,45,9,639,0.00031,0.43815,0.42132,v24_testis
ENST00000455147,45,9,639,0.00031,0.43815,0.42132,v24_testis
ENST00000672776,45,9,631,0.00032,0.43807,0.42102,v24_testis
ENST00000266564,45,9,631,0.00032,0.43807,0.42102,v24_testis
ENST00000396570,15,9,300,0.002,0.47378,0.60444,v24_testis
ENST00000355819,18,7,241,0.00161,0.43937,0.44872,v24_testis
ENST00000396502,18,7,232,0.00168,0.42146,0.42057,v24_testis
ENST00000240618,13,2,216,0.00071,0.48041,0.5,v24_testis
ENST00000290855,10,7,191,0.00366,0.56492,0.50112,v24_testis
ENST00000381908,11,7,179,0.00356,0.60386,0.60974,v24_testis
ENST00000651487,13,4,415,0.00074,0.41112,0.50422,v24_testis
ENST00000266434,18,6,252,0.00132,0.60891,0.70635,v24_testis
ENST00000631251,18,6,252,0.00132,0.60891,0.70635,v24_testis
ENST00000628783,21,6,327,0.00087,0.53182,0.55606,v24_testis
ENST00000396367,21,6,327,0.00087,0.53182,0.55606,v24_testis
ENST00000609686,56,7,1484,8e-05,0.5239,0.31286,v24_testis
ENST00000432710,18,9,339,0.00147,0.48345,0.45821,v24_testis
ENST00000330828,13,8,245,0.00251,0.45181,0.37194,v24_testis
ENST00000445537,23,8,405,0.00086,0.65368,0.60308,v24_testis
ENST00000307378,15,8,670,0.0008,0.47104,0.4388,v24_testis
ENST00000240652,3,1,89,0.00375,0.28465,0.31461,v24_testis
ENST00000229329,24,7,434,0.00067,0.43347,0.35122,v24_testis
ENST00000429849,19,8,269,0.00157,0.58208,0.61989,v24_testis
ENST00000535986,18,9,343,0.00146,0.32329,0.38355,v24_testis
ENST00000342945,10,7,325,0.00215,0.48492,0.40044,v24_testis
ENST00000261192,13,8,386,0.00159,0.49203,0.45725,v24_testis
ENST00000381273,12,6,340,0.00147,0.60711,0.53579,v24_testis
ENST00000281471,12,4,258,0.00129,0.54877,0.43896,v24_testis
ENST00000266529,8,4,217,0.0023,0.59217,0.56106,v24_testis
ENST00000332700,19,9,339,0.0014,0.58003,0.58637,v24_testis
ENST00000327791,12,6,204,0.00245,0.46814,0.61274,v24_testis
ENST00000555248,3,2,117,0.0057,0.58404,0.82478,v24_testis
ENST00000449194,18,7,348,0.00112,0.51772,0.74713,v24_testis
ENST00000395580,19,7,374,0.00099,0.52463,0.75019,v24_testis
ENST00000335017,16,4,255,0.00098,0.51495,0.49804,v24_testis
ENST00000548364,16,8,127,0.00394,0.38337,0.36614,v24_testis
ENST00000340802,34,7,851,0.00024,0.49723,0.37502,v24_testis
ENST00000293549,11,1,370,0.00025,0.30934,0.18108,v24_testis
ENST00000649637,9,1,396,0.00028,0.45202,0.34343,v24_testis
ENST00000547230,33,8,443,0.00055,0.52746,0.54148,v24_testis
ENST00000257860,36,1,470,6e-05,0.52275,0.77872,v24_testis
ENST00000334221,3,2,238,0.0028,0.77591,0.7647,v24_testis
ENST00000380327,11,5,144,0.00316,0.42551,0.48611,v24_testis
ENST00000533372,3,2,57,0.0117,0.36258,0.32456,v24_testis
ENST00000257894,23,8,893,0.00039,0.18316,0.14012,v24_testis
ENST00000293599,8,0,265,0.0,0.43396,,v24_testis
ENST00000199280,10,3,271,0.00111,0.49557,0.16359,v24_testis
ENST00000228468,29,4,574,0.00024,0.46876,0.38414,v24_testis
ENST00000423828,12,5,295,0.00141,0.36723,0.52,v24_testis
ENST00000228515,27,4,543,0.00027,0.4381,0.56215,v24_testis
ENST00000228515,27,4,543,0.00027,0.4381,0.56215,v24_testis
ENST00000257901,24,2,507,0.00016,0.48669,0.4073,v24_testis
ENST00000354310,22,5,469,0.00048,0.41898,0.4307,v24_testis
ENST00000293745,27,5,511,0.00036,0.44488,0.41174,v24_testis
ENST00000708949,26,4,376,0.00041,0.60536,0.7972,v24_testis
ENST00000267103,27,4,376,0.00039,0.58323,0.7972,v24_testis
ENST00000267017,13,3,113,0.00204,0.49626,0.65192,v24_testis
ENST00000305879,11,3,167,0.00163,0.50626,0.55489,v24_testis
ENST00000336133,8,2,210,0.00119,0.43333,0.6,v24_testis
ENST00000449260,41,8,668,0.00029,0.51344,0.44517,v24_testis
ENST00000548493,41,8,661,0.0003,0.51732,0.44856,v24_testis
ENST00000448789,17,2,174,0.00068,0.5453,0.76436,v24_testis
ENST00000695999,10,1,208,0.00048,0.41538,0.21154,v24_testis
ENST00000228534,18,5,189,0.00147,0.50794,0.33333,v24_testis
ENST00000652304,11,1,263,0.00035,0.4542,0.93916,v24_testis
ENST00000547967,11,3,130,0.0021,0.58671,0.59744,v24_testis
ENST00000300101,32,2,712,9e-05,0.54244,0.42486,v24_testis
ENST00000293502,10,4,313,0.00128,0.37636,0.34664,v24_testis
ENST00000357616,8,3,135,0.00278,0.50093,0.39259,v24_testis
ENST00000349394,12,0,308,0.0,0.54924,,v24_testis
ENST00000430041,32,8,547,0.00046,0.49949,0.53451,v24_testis
ENST00000551116,14,5,192,0.00186,0.66853,0.68125,v24_testis
ENST00000571490,17,3,246,0.00072,0.31612,0.53387,v24_testis
ENST00000300145,17,3,246,0.00072,0.31612,0.53387,v24_testis
ENST00000354636,8,3,106,0.00354,0.27594,0.33019,v24_testis
ENST00000403681,13,8,109,0.00565,0.48412,0.63876,v24_testis
ENST00000247843,8,5,227,0.00275,0.5837,0.54714,v24_testis
ENST00000542145,10,8,137,0.00584,0.50292,0.48449,v24_testis
ENST00000440835,29,9,412,0.00075,0.50787,0.37244,v24_testis
ENST00000312442,5,2,233,0.00172,0.65579,0.75966,v24_testis
ENST00000320460,7,3,253,0.00169,0.51044,0.48485,v24_testis
ENST00000552864,27,9,233,0.00143,0.72755,0.63472,v24_testis
ENST00000532498,9,6,248,0.00269,0.55466,0.49731,v24_testis
ENST00000316824,20,9,326,0.00138,0.525,0.50545,v24_testis
ENST00000347404,7,6,245,0.0035,0.58601,0.52381,v24_testis
ENST00000441303,10,6,172,0.00349,0.45814,0.41279,v24_testis
ENST00000318066,6,1,152,0.0011,0.57237,0.27632,v24_testis
ENST00000575847,1,0,9,0.0,0.44444,,v24_testis
ENST00000240079,12,8,194,0.00344,0.39648,0.39948,v24_testis
ENST00000378113,14,7,360,0.00139,0.50814,0.53691,v24_testis
ENST00000341752,16,5,254,0.00123,0.37402,0.43858,v24_testis
ENST00000527879,14,3,333,0.00064,0.51051,0.72973,v24_testis
ENST00000550402,4,1,373,0.00067,0.61729,0.85791,v24_testis
ENST00000299162,28,4,517,0.00028,0.45392,0.41683,v24_testis
ENST00000228827,18,6,284,0.00117,0.52797,0.66666,v24_testis
ENST00000543199,22,8,323,0.00113,0.49522,0.55728,v24_testis
ENST00000377673,18,9,273,0.00183,0.50041,0.53806,v24_testis
ENST00000340766,16,8,337,0.00148,0.44881,0.5141,v24_testis
ENST00000242607,12,6,273,0.00183,0.72711,0.81074,v24_testis
ENST00000242607,12,6,273,0.00183,0.72711,0.81074,v24_testis
ENST00000550831,18,7,245,0.00159,0.49637,0.45248,v24_testis
ENST00000299732,22,5,347,0.00065,0.52777,0.48242,v24_testis
ENST00000257575,24,5,444,0.00047,0.54176,0.51441,v24_testis
ENST00000335209,10,4,214,0.00187,0.44673,0.39953,v24_testis
ENST00000327554,32,8,550,0.00045,0.5129,0.39841,v24_testis
ENST00000257552,18,2,362,0.00031,0.37139,0.39226,v24_testis
ENST00000308366,4,1,148,0.00169,0.52872,0.98649,v24_testis
ENST00000392509,5,2,89,0.00449,0.32135,0.24719,v24_testis
ENST00000355329,11,4,240,0.00152,0.41288,0.50313,v24_testis
ENST00000392465,19,7,373,0.00099,0.51489,0.39908,v24_testis
ENST00000377069,53,8,1265,0.00012,0.46782,0.47866,v24_testis
ENST00000267199,31,8,596,0.00043,0.56024,0.47756,v24_testis
ENST00000543163,19,3,354,0.00045,0.54713,0.40772,v24_testis
ENST00000324774,27,3,588,0.00019,0.419,0.62642,v24_testis
ENST00000339777,18,3,656,0.00025,0.51245,0.19309,v24_testis
ENST00000339777,18,3,656,0.00025,0.51245,0.19309,v24_testis
ENST00000397389,14,0,290,0.0,0.44483,,v24_testis
ENST00000442833,24,2,683,0.00012,0.60121,0.6142,v24_testis
ENST00000540285,31,3,703,0.00014,0.67361,0.69132,v24_testis
ENST00000280560,35,3,766,0.00011,0.66195,0.68929,v24_testis
ENST00000281703,13,4,266,0.00116,0.5214,0.69361,v24_testis
ENST00000543796,11,3,216,0.00126,0.43855,0.83796,v24_testis
ENST00000672504,21,2,516,0.00018,0.45801,0.53294,v24_testis
ENST00000330579,21,2,516,0.00018,0.45801,0.53294,v24_testis
ENST00000376608,11,2,159,0.00114,0.62779,0.48113,v24_testis
ENST00000351222,12,3,379,0.00066,0.68646,0.83377,v24_testis
ENST00000343948,18,3,497,0.00034,0.57445,0.8558,v24_testis
ENST00000348800,11,2,404,0.00045,0.42597,0.90718,v24_testis
ENST00000317555,7,0,255,0.0,0.40336,,v24_testis
ENST00000400113,16,3,450,0.00042,0.40986,0.26963,v24_testis
ENST00000241125,17,2,435,0.00027,0.49655,0.33793,v24_testis
ENST00000390680,19,9,445,0.00106,0.4887,0.54607,v24_testis
ENST00000400103,19,9,411,0.00115,0.44935,0.51771,v24_testis
ENST00000471658,27,9,393,0.00085,0.70653,0.74215,v24_testis
ENST00000541009,17,4,193,0.00122,0.39439,0.53498,v24_testis
ENST00000500625,8,4,94,0.00532,0.51463,0.57447,v24_testis
ENST00000314759,16,7,412,0.00106,0.44342,0.40777,v24_testis
ENST00000403372,16,9,285,0.00197,0.61601,0.57544,v24_testis
ENST00000379881,16,7,425,0.00103,0.55368,0.65647,v24_testis
ENST00000379864,12,9,139,0.0054,0.43945,0.44604,v24_testis
ENST00000379864,12,9,139,0.0054,0.43945,0.44604,v24_testis
ENST00000239859,17,9,214,0.00247,0.55003,0.57425,v24_testis
ENST00000440264,24,7,421,0.00069,0.47734,0.64472,v24_testis
ENST00000440264,24,7,421,0.00069,0.47734,0.64472,v24_testis
ENST00000255465,24,7,421,0.00069,0.47734,0.64472,v24_testis
ENST00000379800,23,6,337,0.00077,0.65811,0.5183,v24_testis
ENST00000389704,7,4,276,0.00207,0.57298,0.58514,v24_testis
ENST00000423210,15,5,282,0.00118,0.53144,0.42908,v24_testis
ENST00000338625,15,2,301,0.00044,0.44828,0.80066,v24_testis
ENST00000379179,5,3,65,0.00923,0.51077,0.6,v24_testis
ENST00000611198,13,3,86,0.00268,0.62791,0.73643,v24_testis
ENST00000310521,33,3,448,0.0002,0.53707,0.38021,v24_testis
ENST00000258648,17,9,270,0.00196,0.39935,0.44074,v24_testis
ENST00000218721,6,1,412,0.0004,0.67516,0.80825,v24_testis
ENST00000345941,8,6,344,0.00218,0.61228,0.73837,v24_testis
ENST00000400393,11,1,160,0.00057,0.49943,0.9625,v24_testis
ENST00000521255,23,9,424,0.00092,0.46144,0.59408,v24_testis
ENST00000420995,18,9,407,0.00123,0.52621,0.61807,v24_testis
ENST00000356017,18,9,410,0.00122,0.52967,0.62087,v24_testis
ENST00000360473,14,7,229,0.00218,0.48097,0.48596,v24_testis
ENST00000377962,12,6,334,0.0015,0.62425,0.60978,v24_testis
ENST00000377595,10,5,230,0.00217,0.32261,0.28782,v24_testis
ENST00000377208,14,1,419,0.00017,0.61285,0.97136,v24_testis
ENST00000267291,13,2,322,0.00048,0.51816,0.57609,v24_testis
ENST00000376335,22,0,532,0.0,0.37449,,v24_testis
ENST00000267273,13,5,264,0.00146,0.39481,0.4606,v24_testis
ENST00000376032,6,2,227,0.00147,0.77533,0.84802,v24_testis
ENST00000375915,40,6,458,0.00033,0.30622,0.61609,v24_testis
ENST00000397473,12,5,331,0.00126,0.5637,0.43625,v24_testis
ENST00000283547,5,2,151,0.00265,0.35762,0.59603,v24_testis
ENST00000554964,9,1,204,0.00054,0.35948,0.12255,v24_testis
ENST00000554964,9,1,204,0.00054,0.35948,0.12255,v24_testis
ENST00000404716,9,1,210,0.00053,0.37778,0.14762,v24_testis
ENST00000382951,9,1,156,0.00071,0.50356,0.75,v24_testis
ENST00000321760,4,2,170,0.00294,0.40441,0.39706,v24_testis
ENST00000397359,42,5,819,0.00015,0.51465,0.50403,v24_testis
ENST00000382809,8,0,125,0.0,0.638,,v24_testis
ENST00000344777,12,1,300,0.00028,0.47722,0.83667,v24_testis
ENST00000710588,7,0,232,0.0,0.30111,,v24_testis
ENST00000543805,1,0,131,0.0,0.43511,,v24_testis
ENST00000611366,28,9,547,0.00059,0.42159,0.42373,v24_testis
ENST00000642486,28,9,547,0.00059,0.42159,0.42373,v24_testis
ENST00000339917,20,4,338,0.00059,0.65178,0.56878,v24_testis
ENST00000645272,20,4,338,0.00059,0.65178,0.56878,v24_testis
ENST00000287913,20,4,328,0.00061,0.6503,0.57088,v24_testis
ENST00000643387,20,4,328,0.00061,0.6503,0.57088,v24_testis
ENST00000399409,43,4,567,0.00016,0.45109,0.39286,v24_testis
ENST00000644383,43,4,567,0.00016,0.45109,0.39286,v24_testis
ENST00000646165,13,2,176,0.00087,0.54458,0.84659,v24_testis
ENST00000288087,13,2,176,0.00087,0.54458,0.84659,v24_testis
ENST00000534348,17,4,170,0.00138,0.51176,0.60147,v24_testis
ENST00000644921,17,4,170,0.00138,0.51176,0.60147,v24_testis
ENST00000288014,16,6,230,0.00163,0.44511,0.83478,v24_testis
ENST00000313071,20,3,489,0.00031,0.41033,0.88753,v24_testis
ENST00000644309,12,1,358,0.00023,0.60568,0.92458,v24_testis
ENST00000533293,12,1,358,0.00023,0.60568,0.92458,v24_testis
ENST00000261479,11,7,246,0.00259,0.44124,0.52439,v24_testis
ENST00000554345,11,3,159,0.00172,0.45054,0.36897,v24_testis
ENST00000555417,7,2,144,0.00198,0.27579,0.19097,v24_testis
ENST00000555211,11,5,213,0.00213,0.59198,0.78779,v24_testis
ENST00000331299,15,7,299,0.00156,0.47358,0.60439,v24_testis
ENST00000325192,16,3,310,0.0006,0.53306,0.46452,v24_testis
ENST00000298283,9,2,214,0.00104,0.49429,0.64018,v24_testis
ENST00000298288,21,8,414,0.00092,0.48424,0.49487,v24_testis
ENST00000554869,11,2,133,0.00137,0.54682,0.27068,v24_testis
ENST00000554396,21,9,502,0.00085,0.45636,0.55069,v24_testis
ENST00000321662,13,4,429,0.00072,0.54617,0.70921,v24_testis
ENST00000335183,14,6,212,0.00202,0.49461,0.41431,v24_testis
ENST00000543643,9,3,233,0.00143,0.54316,0.78255,v24_testis
ENST00000357758,34,8,872,0.00027,0.48351,0.65525,v24_testis
ENST00000556826,11,6,485,0.00112,0.27723,0.2268,v24_testis
ENST00000395116,15,1,494,0.00013,0.58205,0.97773,v24_testis
ENST00000541264,22,8,555,0.00066,0.4751,0.38086,v24_testis
ENST00000261249,24,7,509,0.00057,0.5266,0.45832,v24_testis
ENST00000412908,4,2,248,0.00202,0.50202,0.39314,v24_testis
ENST00000360945,10,3,152,0.00197,0.60658,0.63158,v24_testis
ENST00000612183,15,8,422,0.00126,0.39732,0.50889,v24_testis
ENST00000353772,21,6,495,0.00058,0.56566,0.40135,v24_testis
ENST00000428130,13,3,248,0.00093,0.47333,0.38844,v24_testis
ENST00000409014,29,7,496,0.00049,0.62688,0.69787,v24_testis
ENST00000409949,29,7,496,0.00049,0.62688,0.69787,v24_testis
ENST00000361956,24,5,435,0.00048,0.35747,0.29241,v24_testis
ENST00000381280,24,5,434,0.00048,0.3583,0.29309,v24_testis
ENST00000621525,10,2,182,0.0011,0.50659,0.39835,v24_testis
ENST00000331628,13,2,238,0.00065,0.44732,0.27521,v24_testis
ENST00000394026,18,3,443,0.00038,0.49862,0.88563,v24_testis
ENST00000557413,33,4,549,0.00022,0.52597,0.46402,v24_testis
ENST00000266126,11,3,351,0.00078,0.40378,0.4283,v24_testis
ENST00000439583,25,4,275,0.00058,0.48931,0.60454,v24_testis
ENST00000524913,34,8,456,0.00052,0.42512,0.58114,v24_testis
ENST00000238671,3,0,67,0.0,0.29353,,v24_testis
ENST00000256319,4,1,140,0.00179,0.41786,0.96429,v24_testis
ENST00000251089,45,8,670,0.00027,0.43831,0.56922,v24_testis
ENST00000298351,31,3,806,0.00012,0.54487,0.31679,v24_testis
ENST00000238667,14,4,526,0.00054,0.47882,0.59933,v24_testis
ENST00000380835,21,7,359,0.00093,0.54729,0.5778,v24_testis
ENST00000542766,13,6,208,0.00222,0.44527,0.36378,v24_testis
ENST00000493585,11,0,292,0.0,0.44209,,v24_testis
ENST00000342219,28,5,571,0.00031,0.50807,0.70648,v24_testis
ENST00000349555,16,3,174,0.00108,0.43104,0.5249,v24_testis
ENST00000319231,23,3,543,0.00024,0.44247,0.43954,v24_testis
ENST00000316738,5,2,163,0.00245,0.73497,0.76074,v24_testis
ENST00000282146,16,1,408,0.00015,0.57231,0.69608,v24_testis
ENST00000335725,27,9,608,0.00055,0.40887,0.52193,v24_testis
ENST00000216492,33,7,457,0.00046,0.52477,0.41232,v24_testis
ENST00000613166,33,7,457,0.00046,0.52477,0.41232,v24_testis
ENST00000342144,3,0,72,0.0,0.57408,,v24_testis
ENST00000620478,3,0,72,0.0,0.57408,,v24_testis
ENST00000617748,7,0,234,0.0,0.63065,,v24_testis
ENST00000203664,7,0,234,0.0,0.63065,,v24_testis
ENST00000557719,13,4,292,0.00105,0.47155,0.59932,v24_testis
ENST00000620448,13,4,292,0.00105,0.47155,0.59932,v24_testis
ENST00000611681,1,0,104,0.0,0.68269,,v24_testis
ENST00000393115,1,0,104,0.0,0.68269,,v24_testis
ENST00000555523,1,0,104,0.0,0.68269,,v24_testis
ENST00000629591,1,0,104,0.0,0.68269,,v24_testis
ENST00000614957,8,3,120,0.00312,0.58438,0.45,v24_testis
ENST00000328839,8,3,120,0.00312,0.58438,0.45,v24_testis
ENST00000216629,19,2,353,0.0003,0.47577,0.49292,v24_testis
ENST00000216639,17,7,396,0.00104,0.4489,0.37338,v24_testis
ENST00000329331,20,7,296,0.00118,0.50743,0.52606,v24_testis
ENST00000341267,16,1,383,0.00016,0.47258,0.91645,v24_testis
ENST00000627595,18,7,418,0.00093,0.4176,0.52461,v24_testis
ENST00000440909,18,7,418,0.00093,0.4176,0.52461,v24_testis
ENST00000437397,18,7,418,0.00093,0.4176,0.52461,v24_testis
ENST00000620666,18,7,418,0.00093,0.4176,0.52461,v24_testis
ENST00000355173,26,1,593,6e-05,0.45894,0.10118,v24_testis
ENST00000359366,7,4,79,0.00723,0.51718,0.60759,v24_testis
ENST00000361847,28,5,419,0.00043,0.5277,0.53747,v24_testis
ENST00000392715,13,5,431,0.00089,0.43637,0.56473,v24_testis
ENST00000454394,23,6,600,0.00043,0.44601,0.49222,v24_testis
ENST00000216602,12,0,252,0.0,0.58565,,v24_testis
ENST00000332972,22,5,500,0.00045,0.498,0.5388,v24_testis
ENST00000451127,11,2,150,0.00121,0.40788,0.29333,v24_testis
ENST00000336219,14,3,241,0.00089,0.36366,0.58091,v24_testis
ENST00000336219,14,3,241,0.00089,0.36366,0.58091,v24_testis
ENST00000314520,19,6,507,0.00062,0.54386,0.63182,v24_testis
ENST00000536364,24,3,485,0.00026,0.689,0.71272,v24_testis
ENST00000400100,11,2,240,0.00076,0.43902,0.64583,v24_testis
ENST00000615808,15,6,467,0.00086,0.44268,0.53819,v24_testis
ENST00000632880,28,9,748,0.00043,0.43712,0.5664,v24_testis
ENST00000299267,17,6,473,0.00075,0.52307,0.56307,v24_testis
ENST00000651601,9,4,267,0.00166,0.46276,0.46442,v24_testis
ENST00000621228,9,4,267,0.00166,0.46276,0.46442,v24_testis
ENST00000697964,9,4,267,0.00166,0.46276,0.46442,v24_testis
ENST00000560598,39,5,926,0.00014,0.4521,0.35983,v24_testis
ENST00000455693,19,1,502,0.0001,0.3875,0.17331,v24_testis
ENST00000632335,20,1,502,0.0001,0.3747,0.17331,v24_testis
ENST00000306901,19,1,502,0.0001,0.3875,0.17331,v24_testis
ENST00000397766,24,8,585,0.00057,0.48348,0.48547,v24_testis
ENST00000614359,13,4,212,0.00145,0.5283,0.66981,v24_testis
ENST00000300175,13,4,212,0.00145,0.5283,0.66981,v24_testis
ENST00000632219,13,4,212,0.00145,0.5283,0.66981,v24_testis
ENST00000434396,20,2,380,0.00026,0.48526,0.88421,v24_testis
ENST00000416151,21,6,286,0.001,0.59158,0.58566,v24_testis
ENST00000249776,25,8,316,0.00101,0.60101,0.63054,v24_testis
ENST00000431415,20,3,163,0.00092,0.5089,0.36401,v24_testis
ENST00000423169,20,4,280,0.00071,0.55536,0.39286,v24_testis
ENST00000267868,19,6,339,0.00093,0.44015,0.48083,v24_testis
ENST00000220514,9,3,229,0.00146,0.37652,0.39447,v24_testis
ENST00000260386,19,3,461,0.00034,0.5431,0.22126,v24_testis
ENST00000399518,52,9,868,0.0002,0.4914,0.27419,v24_testis
ENST00000559596,28,9,441,0.00073,0.51134,0.4064,v24_testis
ENST00000414849,27,9,440,0.00076,0.51179,0.40657,v24_testis
ENST00000349114,42,5,638,0.00019,0.5549,0.66834,v24_testis
ENST00000220420,44,5,720,0.00016,0.57576,0.70611,v24_testis
ENST00000381359,8,0,59,0.0,0.49153,,v24_testis
ENST00000339624,8,1,133,0.00094,0.36278,0.90977,v24_testis
ENST00000261867,18,8,429,0.00104,0.58405,0.72144,v24_testis
ENST00000417307,2,0,81,0.0,0.44444,,v24_testis
ENST00000344300,7,2,83,0.00344,0.6747,0.75904,v24_testis
ENST00000396650,7,2,83,0.00344,0.6747,0.75904,v24_testis
ENST00000341459,14,7,500,0.001,0.31814,0.41971,v24_testis
ENST00000532404,17,9,334,0.00159,0.46759,0.4155,v24_testis
ENST00000305901,24,2,465,0.00018,0.62303,0.73656,v24_testis
ENST00000559517,19,5,422,0.00062,0.52881,0.53128,v24_testis
ENST00000347587,23,7,480,0.00063,0.52464,0.47083,v24_testis
ENST00000249750,23,7,518,0.00059,0.5308,0.47821,v24_testis
ENST00000537372,24,8,497,0.00067,0.48994,0.3999,v24_testis
ENST00000307144,10,4,381,0.00105,0.43832,0.48819,v24_testis
ENST00000396060,9,8,109,0.00815,0.24771,0.24426,v24_testis
ENST00000457155,16,9,376,0.0015,0.39362,0.4081,v24_testis
ENST00000261879,9,2,257,0.00086,0.61998,0.42802,v24_testis
ENST00000334287,4,0,128,0.0,0.48242,,v24_testis
ENST00000563480,5,2,98,0.00408,0.39388,0.31122,v24_testis
ENST00000288840,17,2,496,0.00024,0.46169,0.4375,v24_testis
ENST00000310673,11,5,350,0.0013,0.52078,0.49371,v24_testis
ENST00000260364,38,5,747,0.00018,0.49968,0.47979,v24_testis
ENST00000388866,39,5,765,0.00017,0.49861,0.49202,v24_testis
ENST00000542035,12,4,212,0.00157,0.58373,0.65448,v24_testis
ENST00000261917,60,5,1203,7e-05,0.51149,0.61978,v24_testis
ENST00000287202,38,7,481,0.00038,0.57014,0.70152,v24_testis
ENST00000567279,4,2,67,0.00746,0.3209,0.20896,v24_testis
ENST00000435464,31,5,745,0.00022,0.56627,0.39436,v24_testis
ENST00000453268,31,5,745,0.00022,0.56627,0.39436,v24_testis
ENST00000268082,37,8,367,0.00059,0.48531,0.57255,v24_testis
ENST00000673214,37,8,367,0.00059,0.48531,0.57255,v24_testis
ENST00000346246,44,8,560,0.00032,0.3127,0.17768,v24_testis
ENST00000672913,21,2,363,0.00026,0.59321,0.47383,v24_testis
ENST00000358632,21,2,363,0.00026,0.59321,0.47383,v24_testis
ENST00000672385,28,2,521,0.00014,0.58637,0.63339,v24_testis
ENST00000268053,28,2,521,0.00014,0.58637,0.63339,v24_testis
ENST00000565154,21,4,605,0.00031,0.51846,0.58141,v24_testis
ENST00000672584,35,3,667,0.00013,0.5623,0.70265,v24_testis
ENST00000395105,35,3,667,0.00013,0.5623,0.70265,v24_testis
ENST00000323940,35,3,667,0.00013,0.5623,0.70265,v24_testis
ENST00000673026,35,3,667,0.00013,0.5623,0.70265,v24_testis
ENST00000395081,25,6,380,0.00063,0.63442,0.57105,v24_testis
ENST00000673153,25,6,380,0.00063,0.63442,0.57105,v24_testis
ENST00000395018,12,4,158,0.00211,0.49473,0.32595,v24_testis
ENST00000388942,38,4,523,0.0002,0.53507,0.51434,v24_testis
ENST00000332145,13,2,274,0.00056,0.51348,0.4124,v24_testis
ENST00000308588,16,4,360,0.00069,0.44983,0.26528,v24_testis
ENST00000308588,16,4,360,0.00069,0.44983,0.26528,v24_testis
ENST00000308588,16,4,360,0.00069,0.44983,0.26528,v24_testis
ENST00000290759,24,3,359,0.00035,0.62639,0.57382,v24_testis
ENST00000453211,10,5,276,0.00181,0.69167,0.63551,v24_testis
ENST00000328828,31,6,451,0.00043,0.43023,0.52106,v24_testis
ENST00000258873,39,8,724,0.00028,0.47277,0.44337,v24_testis
ENST00000261751,16,4,498,0.0005,0.50941,0.38554,v24_testis
ENST00000299565,11,7,468,0.00136,0.3411,0.32906,v24_testis
ENST00000286732,14,5,301,0.00119,0.49668,0.29236,v24_testis
ENST00000329713,16,2,569,0.00022,0.42432,0.91564,v24_testis
ENST00000564367,10,6,148,0.00405,0.42297,0.38176,v24_testis
ENST00000559157,15,8,196,0.00272,0.41939,0.35077,v24_testis
ENST00000618205,15,8,208,0.00256,0.4375,0.36659,v24_testis
ENST00000559775,15,8,208,0.00256,0.4375,0.36659,v24_testis
ENST00000261749,15,8,208,0.00256,0.4375,0.36659,v24_testis
ENST00000708174,23,9,347,0.00113,0.527,0.59878,v24_testis
ENST00000427482,23,9,347,0.00113,0.527,0.59878,v24_testis
ENST00000618449,23,6,491,0.00053,0.52803,0.74168,v24_testis
ENST00000616775,23,6,491,0.00053,0.52803,0.74168,v24_testis
ENST00000615198,27,6,561,0.0004,0.51489,0.7754,v24_testis
ENST00000632305,27,6,556,0.0004,0.51052,0.77338,v24_testis
ENST00000668990,51,9,1082,0.00016,0.52764,0.65804,v24_testis
ENST00000557856,39,7,817,0.00022,0.52641,0.52702,v24_testis
ENST00000629765,39,7,839,0.00021,0.52049,0.52103,v24_testis
ENST00000317501,23,4,612,0.00028,0.41525,0.38644,v24_testis
ENST00000565973,18,2,425,0.00026,0.58588,0.55294,v24_testis
ENST00000341735,40,6,397,0.00038,0.48841,0.47019,v24_testis
ENST00000329600,24,7,385,0.00076,0.47944,0.41855,v24_testis
ENST00000394275,54,9,929,0.00018,0.45551,0.25667,v24_testis
ENST00000424469,22,2,692,0.00013,0.47143,0.60621,v24_testis
ENST00000557301,19,0,458,0.0,0.48839,,v24_testis
ENST00000543599,17,0,434,0.0,0.51721,,v24_testis
ENST00000329082,19,0,450,0.0,0.47965,,v24_testis
ENST00000344791,14,5,297,0.0012,0.65079,0.71111,v24_testis
ENST00000284382,13,3,383,0.0006,0.51456,0.52133,v24_testis
ENST00000343276,17,8,274,0.00172,0.4766,0.59945,v24_testis
ENST00000398226,14,4,187,0.00153,0.43316,0.45989,v24_testis
ENST00000252951,3,0,142,0.0,0.26291,,v24_testis
ENST00000199708,6,1,142,0.00117,0.60681,0.38028,v24_testis
ENST00000219409,8,1,225,0.00056,0.44444,0.44889,v24_testis
ENST00000262315,64,9,975,0.00014,0.54067,0.55647,v24_testis
ENST00000293897,10,0,364,0.0,0.73873,,v24_testis
ENST00000538492,10,1,281,0.00036,0.49253,0.30961,v24_testis
ENST00000545450,34,6,622,0.00028,0.5088,0.56511,v24_testis
ENST00000389176,61,3,667,7e-05,0.47285,0.53573,v24_testis
ENST00000293922,32,6,473,0.0004,0.42409,0.35906,v24_testis
ENST00000397412,65,9,1269,0.00011,0.48959,0.48402,v24_testis
ENST00000415638,28,3,643,0.00017,0.50544,0.09746,v24_testis
ENST00000709282,11,2,229,0.00079,0.62723,0.67904,v24_testis
ENST00000248121,11,2,229,0.00079,0.62723,0.67904,v24_testis
ENST00000566435,4,1,165,0.00152,0.66364,0.57576,v24_testis
ENST00000709296,4,1,165,0.00152,0.66364,0.57576,v24_testis
ENST00000325962,11,4,471,0.00077,0.57248,0.74629,v24_testis
ENST00000397344,9,3,442,0.00075,0.5274,0.72474,v24_testis
ENST00000709272,23,2,370,0.00024,0.49307,0.4554,v24_testis
ENST00000354249,23,2,370,0.00024,0.49307,0.4554,v24_testis
ENST00000397280,24,3,376,0.00033,0.48526,0.37589,v24_testis
ENST00000709273,24,3,376,0.00033,0.48526,0.37589,v24_testis
ENST00000356120,23,2,371,0.00023,0.49385,0.45688,v24_testis
ENST00000709271,23,2,371,0.00023,0.49385,0.45688,v24_testis
ENST00000361837,36,7,433,0.00045,0.49192,0.41505,v24_testis
ENST00000319500,19,3,420,0.00038,0.35601,0.34048,v24_testis
ENST00000303746,25,4,462,0.00035,0.46597,0.45996,v24_testis
ENST00000409906,7,3,118,0.00363,0.67555,0.69774,v24_testis
ENST00000450020,14,2,300,0.00048,0.51714,0.71834,v24_testis
ENST00000005995,15,2,314,0.00042,0.52123,0.7086,v24_testis
ENST00000005995,15,2,314,0.00042,0.52123,0.7086,v24_testis
ENST00000328796,9,1,220,0.00051,0.36515,0.33636,v24_testis
ENST00000262300,22,1,499,9e-05,0.44853,0.80962,v24_testis
ENST00000440027,22,1,480,9e-05,0.46629,0.84167,v24_testis
ENST00000301744,18,7,424,0.00092,0.50996,0.49663,v24_testis
ENST00000616009,12,1,125,0.00067,0.51133,0.472,v24_testis
ENST00000318059,12,1,125,0.00067,0.51133,0.472,v24_testis
ENST00000414777,18,1,316,0.00018,0.56241,0.85759,v24_testis
ENST00000615778,18,1,316,0.00018,0.56241,0.85759,v24_testis
ENST00000381920,22,7,404,0.00079,0.48492,0.45721,v24_testis
ENST00000396693,15,1,312,0.00021,0.45833,0.92949,v24_testis
ENST00000268231,19,1,358,0.00015,0.45898,0.93855,v24_testis
ENST00000615889,3,1,88,0.00379,0.22348,0.13636,v24_testis
ENST00000425191,24,7,500,0.00058,0.3465,0.20229,v24_testis
ENST00000436368,27,9,392,0.00085,0.42234,0.26616,v24_testis
ENST00000283025,35,9,485,0.00053,0.46633,0.42245,v24_testis
ENST00000241808,10,0,102,0.0,0.32059,,v24_testis
ENST00000312499,4,1,147,0.0017,0.53231,0.73469,v24_testis
ENST00000312511,6,1,51,0.00327,0.47386,0.37255,v24_testis
ENST00000409790,45,9,1053,0.00019,0.54403,0.38525,v24_testis
ENST00000420576,13,7,499,0.00108,0.59565,0.56227,v24_testis
ENST00000304381,30,7,723,0.00032,0.48571,0.33096,v24_testis
ENST00000421369,22,5,613,0.00037,0.56421,0.2969,v24_testis
ENST00000219168,9,3,122,0.00273,0.41621,0.28415,v24_testis
ENST00000537222,11,3,204,0.00134,0.40018,0.28758,v24_testis
ENST00000639732,16,4,264,0.00095,0.40696,0.36364,v24_testis
ENST00000300113,14,2,196,0.00073,0.49636,0.67857,v24_testis
ENST00000300093,18,2,603,0.00018,0.48047,0.58956,v24_testis
ENST00000399069,15,6,334,0.0012,0.51776,0.43214,v24_testis
ENST00000447459,12,2,331,0.0005,0.58585,0.96072,v24_testis
ENST00000357084,32,2,1001,6e-05,0.45161,0.45355,v24_testis
ENST00000352260,10,1,454,0.00022,0.57533,0.9207,v24_testis
ENST00000160827,43,9,665,0.00031,0.50208,0.68972,v24_testis
ENST00000567659,22,1,394,0.00012,0.45443,0.39594,v24_testis
ENST00000568000,12,2,329,0.00051,0.59144,0.58358,v24_testis
ENST00000350119,11,1,400,0.00023,0.55568,0.3675,v24_testis
ENST00000279392,23,3,556,0.00023,0.43275,0.34832,v24_testis
ENST00000300575,6,1,132,0.00126,0.56818,0.15152,v24_testis
ENST00000681219,4,0,110,0.0,0.72273,,v24_testis
ENST00000380495,14,2,274,0.00052,0.51486,0.7208,v24_testis
ENST00000346932,30,3,809,0.00012,0.57544,0.72353,v24_testis
ENST00000537485,37,6,879,0.00018,0.52698,0.49204,v24_testis
ENST00000308713,36,6,910,0.00018,0.54206,0.52124,v24_testis
ENST00000617533,37,6,923,0.00018,0.54566,0.51625,v24_testis
ENST00000409939,51,9,808,0.00022,0.6613,0.61084,v24_testis
ENST00000395199,20,4,357,0.00056,0.4598,0.43207,v24_testis
ENST00000287461,27,3,500,0.00022,0.4883,0.72933,v24_testis
ENST00000356166,42,4,980,0.0001,0.39368,0.35586,v24_testis
ENST00000642816,23,4,418,0.00042,0.49428,0.67165,v24_testis
ENST00000562319,30,2,694,0.0001,0.50082,0.64986,v24_testis
ENST00000535577,19,3,619,0.00026,0.58107,0.61659,v24_testis
ENST00000539836,19,3,642,0.00025,0.59608,0.63032,v24_testis
ENST00000538906,19,3,619,0.00026,0.58107,0.61659,v24_testis
ENST00000330498,20,4,672,0.0003,0.5872,0.50632,v24_testis
ENST00000398664,5,0,124,0.0,0.44355,,v24_testis
ENST00000563588,21,2,406,0.00023,0.53448,0.8128,v24_testis
ENST00000424889,19,1,374,0.00014,0.53673,0.76471,v24_testis
ENST00000543610,19,3,331,0.00048,0.55669,0.47432,v24_testis
ENST00000394809,42,8,819,0.00023,0.45102,0.63767,v24_testis
ENST00000285697,8,3,154,0.00244,0.45292,0.62121,v24_testis
ENST00000398682,5,0,124,0.0,0.44355,,v24_testis
ENST00000341305,5,0,124,0.0,0.44355,,v24_testis
ENST00000219097,12,8,252,0.00265,0.65443,0.67808,v24_testis
ENST00000219097,12,8,252,0.00265,0.65443,0.67808,v24_testis
ENST00000219197,7,2,193,0.00148,0.61288,0.65026,v24_testis
ENST00000458059,8,2,142,0.00176,0.46039,0.75,v24_testis
ENST00000394725,18,8,282,0.00158,0.5853,0.48182,v24_testis
ENST00000319165,26,8,525,0.00059,0.47421,0.45667,v24_testis
ENST00000576682,26,8,525,0.00059,0.47421,0.45667,v24_testis
ENST00000576219,27,9,575,0.00058,0.46132,0.46512,v24_testis
ENST00000290567,27,9,575,0.00058,0.46132,0.46512,v24_testis
ENST00000573178,26,9,604,0.00057,0.5035,0.4908,v24_testis
ENST00000521992,26,9,604,0.00057,0.5035,0.4908,v24_testis
ENST00000219833,19,5,628,0.00042,0.54928,0.71752,v24_testis
ENST00000567238,14,3,512,0.00042,0.61761,0.78581,v24_testis
ENST00000262494,14,2,354,0.0004,0.52038,0.30226,v24_testis
ENST00000262493,14,3,354,0.00061,0.52038,0.48964,v24_testis
ENST00000394391,11,4,312,0.00117,0.412,0.47516,v24_testis
ENST00000394337,42,5,874,0.00014,0.61142,0.66087,v24_testis
ENST00000379661,25,5,655,0.00031,0.54815,0.55023,v24_testis
ENST00000262506,21,7,350,0.00095,0.58068,0.59347,v24_testis
ENST00000290871,15,2,243,0.00055,0.51001,0.85186,v24_testis
ENST00000441824,13,1,216,0.00036,0.5,0.86574,v24_testis
ENST00000219320,17,2,462,0.00025,0.49873,0.72511,v24_testis
ENST00000379655,64,8,833,0.00015,0.45571,0.60444,v24_testis
ENST00000328514,9,6,138,0.00483,0.64815,0.70532,v24_testis
ENST00000426538,17,7,255,0.00161,0.61407,0.70644,v24_testis
ENST00000536005,12,2,259,0.00064,0.54344,0.43244,v24_testis
ENST00000566192,19,5,339,0.00078,0.49946,0.47906,v24_testis
ENST00000379486,8,3,195,0.00192,0.50769,0.40171,v24_testis
ENST00000268595,8,3,248,0.00151,0.50605,0.3871,v24_testis
ENST00000424011,3,1,182,0.00183,0.62088,0.87363,v24_testis
ENST00000394069,6,1,208,0.0008,0.4415,0.93269,v24_testis
ENST00000290953,9,3,132,0.00253,0.44697,0.55556,v24_testis
ENST00000616804,5,1,168,0.00119,0.44524,0.23214,v24_testis
ENST00000533666,1,1,28,0.03571,0.67857,0.67857,v24_testis
ENST00000457188,4,1,169,0.00148,0.47929,0.11243,v24_testis
ENST00000379500,8,2,286,0.00087,0.42002,0.10315,v24_testis
ENST00000328020,7,2,231,0.00124,0.41991,0.12771,v24_testis
ENST00000403458,19,4,317,0.00066,0.42637,0.40694,v24_testis
ENST00000388833,46,6,658,0.0002,0.52702,0.75532,v24_testis
ENST00000458121,20,1,345,0.00014,0.5387,0.86377,v24_testis
ENST00000219334,29,4,655,0.00021,0.55199,0.53435,v24_testis
ENST00000537830,31,3,1079,9e-05,0.61954,0.51745,v24_testis
ENST00000541793,27,2,446,0.00017,0.53596,0.45852,v24_testis
ENST00000615430,27,2,446,0.00017,0.53596,0.45852,v24_testis
ENST00000393701,27,2,446,0.00017,0.53596,0.45852,v24_testis
ENST00000355992,28,8,448,0.00064,0.45225,0.50586,v24_testis
ENST00000429149,16,4,242,0.00103,0.52583,0.68492,v24_testis
ENST00000339953,27,2,455,0.00016,0.52902,0.44945,v24_testis
ENST00000423037,9,3,149,0.00224,0.58165,0.72707,v24_testis
ENST00000426362,9,3,149,0.00224,0.58165,0.72707,v24_testis
ENST00000303037,9,0,263,0.0,0.52429,,v24_testis
ENST00000643904,9,0,263,0.0,0.52429,,v24_testis
ENST00000568377,21,3,345,0.00041,0.57833,0.89951,v24_testis
ENST00000378644,15,4,242,0.0011,0.43168,0.35847,v24_testis
ENST00000319410,25,9,625,0.00058,0.3767,0.29991,v24_testis
ENST00000305904,5,3,96,0.00625,0.4875,0.67014,v24_testis
ENST00000570137,21,3,506,0.00028,0.53614,0.39131,v24_testis
ENST00000709366,20,5,395,0.00063,0.50342,0.16962,v24_testis
ENST00000299578,20,5,395,0.00063,0.50342,0.16962,v24_testis
ENST00000305202,21,5,386,0.00062,0.56193,0.52228,v24_testis
ENST00000315906,28,5,583,0.00031,0.41534,0.2566,v24_testis
ENST00000268624,29,5,665,0.00026,0.43376,0.29293,v24_testis
ENST00000253462,10,6,185,0.00324,0.69514,0.69189,v24_testis
ENST00000541676,41,3,537,0.00014,0.57592,0.63315,v24_testis
ENST00000253461,6,1,158,0.00105,0.577,0.3481,v24_testis
ENST00000567970,23,4,239,0.00073,0.6298,0.45712,v24_testis
ENST00000284262,32,2,748,8e-05,0.51763,0.56082,v24_testis
ENST00000671377,51,8,1086,0.00014,0.51529,0.53821,v24_testis
ENST00000301011,47,9,953,0.0002,0.54214,0.43115,v24_testis
ENST00000301012,14,3,400,0.00054,0.53232,0.92167,v24_testis
ENST00000634347,23,5,382,0.00057,0.52151,0.11414,v24_testis
ENST00000543303,23,4,382,0.00046,0.51992,0.10471,v24_testis
ENST00000301019,35,5,546,0.00026,0.50602,0.62747,v24_testis
ENST00000301021,4,1,140,0.00179,0.71786,0.97857,v24_testis
ENST00000301031,8,1,139,0.0009,0.4991,0.61871,v24_testis
ENST00000421184,16,4,411,0.00061,0.46548,0.68613,v24_testis
ENST00000393092,16,4,411,0.00061,0.46548,0.68613,v24_testis
ENST00000319518,26,2,558,0.00014,0.44617,0.5439,v24_testis
ENST00000315491,22,1,450,0.0001,0.52485,0.20667,v24_testis
ENST00000360127,7,3,423,0.00101,0.30159,0.27187,v24_testis
ENST00000639297,7,3,423,0.00101,0.30159,0.27187,v24_testis
ENST00000449207,31,7,492,0.00046,0.51574,0.43757,v24_testis
ENST00000320345,13,3,372,0.00062,0.46919,0.68638,v24_testis
ENST00000453066,38,8,491,0.00043,0.4642,0.44807,v24_testis
ENST00000618883,38,8,491,0.00043,0.4642,0.44807,v24_testis
ENST00000456349,9,8,313,0.00284,0.47391,0.4345,v24_testis
ENST00000433935,39,5,742,0.00017,0.5159,0.61914,v24_testis
ENST00000592813,37,5,703,0.00019,0.51613,0.6202,v24_testis
ENST00000397035,39,3,1029,7e-05,0.51938,0.26336,v24_testis
ENST00000574412,13,5,254,0.00151,0.53059,0.34488,v24_testis
ENST00000576951,12,1,296,0.00028,0.51464,0.26689,v24_testis
ENST00000381870,19,7,400,0.00092,0.61197,0.41786,v24_testis
ENST00000355025,16,4,221,0.00113,0.39451,0.56674,v24_testis
ENST00000575780,16,4,221,0.00113,0.39451,0.56674,v24_testis
ENST00000695324,18,4,236,0.00094,0.39595,0.57839,v24_testis
ENST00000574617,18,4,236,0.00094,0.39595,0.57839,v24_testis
ENST00000250087,15,1,321,0.00021,0.56075,0.87539,v24_testis
ENST00000381129,20,2,384,0.00026,0.53477,0.63542,v24_testis
ENST00000321535,17,2,442,0.00027,0.47498,0.73869,v24_testis
ENST00000269299,22,5,291,0.00078,0.40769,0.19381,v24_testis
ENST00000672150,30,2,364,0.00018,0.6783,0.47802,v24_testis
ENST00000007699,30,2,364,0.00018,0.6783,0.47802,v24_testis
ENST00000573577,9,5,107,0.00519,0.66459,0.73645,v24_testis
ENST00000539417,11,5,145,0.00313,0.53981,0.54345,v24_testis
ENST00000648172,35,5,767,0.00019,0.55258,0.52125,v24_testis
ENST00000671829,16,5,316,0.00099,0.68176,0.65253,v24_testis
ENST00000354429,16,5,300,0.00104,0.66479,0.634,v24_testis
ENST00000396628,16,5,300,0.00104,0.66479,0.634,v24_testis
ENST00000671820,16,5,316,0.00099,0.68176,0.65253,v24_testis
ENST00000396627,16,5,300,0.00104,0.66479,0.634,v24_testis
ENST00000673570,16,5,316,0.00099,0.68176,0.65253,v24_testis
ENST00000416016,6,0,154,0.0,0.58117,,v24_testis
ENST00000673210,6,0,154,0.0,0.58117,,v24_testis
ENST00000639889,11,2,338,0.00054,0.39806,0.44674,v24_testis
ENST00000412468,11,2,338,0.00054,0.39806,0.44674,v24_testis
ENST00000333775,7,2,173,0.00165,0.54583,0.33526,v24_testis
ENST00000254854,40,6,1103,0.00014,0.58719,0.55938,v24_testis
ENST00000416273,16,5,293,0.00107,0.53861,0.62935,v24_testis
ENST00000448843,40,7,711,0.00025,0.55176,0.28873,v24_testis
ENST00000380067,25,5,295,0.00068,0.51973,0.63661,v24_testis
ENST00000226105,17,6,186,0.0019,0.55471,0.58692,v24_testis
ENST00000329805,19,4,586,0.00036,0.62098,0.81869,v24_testis
ENST00000293845,31,4,316,0.00041,0.52787,0.58624,v24_testis
ENST00000396219,19,7,552,0.00067,0.56941,0.62086,v24_testis
ENST00000420162,13,3,188,0.00123,0.3572,0.37234,v24_testis
ENST00000432116,22,4,532,0.00034,0.57963,0.4577,v24_testis
ENST00000441885,24,5,551,0.00038,0.5766,0.46969,v24_testis
ENST00000469477,17,2,250,0.00047,0.45906,0.51,v24_testis
ENST00000321560,13,3,252,0.00092,0.53022,0.53175,v24_testis
ENST00000389022,7,1,228,0.00063,0.64223,0.5307,v24_testis
ENST00000399138,16,2,394,0.00032,0.41386,0.41878,v24_testis
ENST00000395782,4,0,199,0.0,0.46608,,v24_testis
ENST00000399182,26,2,457,0.00017,0.47206,0.76149,v24_testis
ENST00000399187,28,3,523,0.0002,0.45363,0.76418,v24_testis
ENST00000399187,28,3,523,0.0002,0.45363,0.76418,v24_testis
ENST00000399134,36,2,301,0.00018,0.47185,0.46678,v24_testis
ENST00000640722,36,2,301,0.00018,0.47185,0.46678,v24_testis
ENST00000405044,17,3,210,0.00084,0.51541,0.71905,v24_testis
ENST00000314728,44,8,641,0.00028,0.45898,0.59126,v24_testis
ENST00000444455,24,1,453,9e-05,0.39082,0.2053,v24_testis
ENST00000226247,29,4,648,0.00021,0.43114,0.5054,v24_testis
ENST00000301039,10,4,336,0.00119,0.64643,0.69643,v24_testis
ENST00000394859,37,7,626,0.0003,0.55988,0.50799,v24_testis
ENST00000225394,49,8,761,0.00021,0.52359,0.47799,v24_testis
ENST00000302362,12,8,184,0.00362,0.4538,0.54212,v24_testis
ENST00000158009,10,3,324,0.00093,0.53241,0.4537,v24_testis
ENST00000297307,12,2,338,0.00049,0.39941,0.44674,v24_testis
ENST00000262327,46,5,949,0.00011,0.46239,0.21264,v24_testis
ENST00000605587,7,0,174,0.0,0.4491,,v24_testis
ENST00000588594,2,1,49,0.0102,0.58164,0.81633,v24_testis
ENST00000618542,5,2,148,0.0027,0.33649,0.38851,v24_testis
ENST00000612374,5,2,148,0.0027,0.33649,0.38851,v24_testis
ENST00000470794,18,3,344,0.00048,0.45898,0.67829,v24_testis
ENST00000632857,16,8,261,0.00192,0.466,0.36829,v24_testis
ENST00000619262,16,8,261,0.00192,0.466,0.36829,v24_testis
ENST00000619368,3,2,79,0.00844,0.59072,0.54431,v24_testis
ENST00000634031,3,2,79,0.00844,0.59072,0.54431,v24_testis
ENST00000616735,12,6,251,0.00199,0.51892,0.45352,v24_testis
ENST00000616596,12,6,251,0.00199,0.51892,0.45352,v24_testis
ENST00000620284,15,7,284,0.00164,0.53592,0.46378,v24_testis
ENST00000618461,15,7,284,0.00164,0.53592,0.46378,v24_testis
ENST00000612067,8,2,93,0.00269,0.47581,0.45699,v24_testis
ENST00000621940,8,2,93,0.00269,0.47581,0.45699,v24_testis
ENST00000619989,8,2,93,0.00269,0.47581,0.45699,v24_testis
ENST00000615473,38,9,581,0.00041,0.55372,0.68637,v24_testis
ENST00000612932,40,9,645,0.00035,0.57054,0.71749,v24_testis
ENST00000612272,25,7,443,0.00063,0.49598,0.38762,v24_testis
ENST00000622522,25,7,443,0.00063,0.49598,0.38762,v24_testis
ENST00000613024,10,3,379,0.00079,0.50237,0.36411,v24_testis
ENST00000621654,10,3,379,0.00079,0.50237,0.36411,v24_testis
ENST00000616425,18,8,275,0.00162,0.57515,0.56136,v24_testis
ENST00000615133,18,8,275,0.00162,0.57515,0.56136,v24_testis
ENST00000348931,17,9,338,0.00157,0.56422,0.53222,v24_testis
ENST00000445327,30,5,555,0.0003,0.59279,0.5164,v24_testis
ENST00000350532,18,8,470,0.00095,0.46111,0.39601,v24_testis
ENST00000425707,17,2,365,0.00032,0.49154,0.61096,v24_testis
ENST00000264651,26,7,525,0.00051,0.61941,0.77986,v24_testis
ENST00000301656,26,8,459,0.00067,0.59871,0.75136,v24_testis
ENST00000251643,33,9,494,0.00055,0.65679,0.78655,v24_testis
ENST00000572470,33,9,494,0.00055,0.65679,0.78655,v24_testis
ENST00000209718,30,7,422,0.00055,0.59423,0.6239,v24_testis
ENST00000574480,30,7,422,0.00055,0.59423,0.6239,v24_testis
ENST00000709592,31,3,416,0.00023,0.51597,0.31811,v24_testis
ENST00000251645,31,3,416,0.00023,0.51597,0.31811,v24_testis
ENST00000573281,31,3,416,0.00023,0.51597,0.31811,v24_testis
ENST00000246635,22,1,458,0.0001,0.61503,0.68559,v24_testis
ENST00000293303,12,5,608,0.00069,0.50178,0.6102,v24_testis
ENST00000377540,39,8,672,0.00031,0.4726,0.48586,v24_testis
ENST00000341193,44,8,602,0.0003,0.53251,0.47342,v24_testis
ENST00000347901,48,8,619,0.00027,0.53753,0.44911,v24_testis
ENST00000565659,12,3,159,0.00157,0.51205,0.46541,v24_testis
ENST00000393885,13,3,191,0.00121,0.45711,0.61606,v24_testis
ENST00000251413,27,3,451,0.00025,0.55112,0.034,v24_testis
ENST00000588408,25,8,330,0.00097,0.41576,0.40114,v24_testis
ENST00000253799,42,9,756,0.00028,0.46762,0.48295,v24_testis
ENST00000360221,21,4,525,0.00036,0.54712,0.56619,v24_testis
ENST00000451885,1,0,123,0.0,0.02439,,v24_testis
ENST00000393795,19,4,217,0.00097,0.40213,0.29032,v24_testis
ENST00000269095,29,4,552,0.00025,0.44803,0.49955,v24_testis
ENST00000591247,19,4,195,0.00108,0.55493,0.73718,v24_testis
ENST00000315323,21,4,565,0.00034,0.38618,0.37168,v24_testis
ENST00000426726,16,2,446,0.00028,0.56432,0.7074,v24_testis
ENST00000417826,17,3,242,0.00073,0.59164,0.42837,v24_testis
ENST00000526924,6,1,157,0.00106,0.57749,0.44586,v24_testis
ENST00000307275,27,3,286,0.00039,0.64103,0.57576,v24_testis
ENST00000331780,27,7,384,0.00068,0.44377,0.33817,v24_testis
ENST00000616347,10,1,355,0.00028,0.34225,0.11268,v24_testis
ENST00000611547,10,1,355,0.00028,0.34225,0.11268,v24_testis
ENST00000225512,10,1,355,0.00028,0.34225,0.11268,v24_testis
ENST00000615623,4,1,125,0.002,0.69,0.752,v24_testis
ENST00000445552,4,1,125,0.002,0.69,0.752,v24_testis
ENST00000225567,24,2,213,0.00039,0.4239,0.61033,v24_testis
ENST00000621969,10,2,314,0.00064,0.54586,0.33917,v24_testis
ENST00000611599,10,2,314,0.00064,0.54586,0.33917,v24_testis
ENST00000634540,7,1,240,0.0006,0.63631,0.55,v24_testis
ENST00000618382,15,1,415,0.00016,0.46233,0.73976,v24_testis
ENST00000314537,15,1,415,0.00016,0.46233,0.73976,v24_testis
ENST00000617905,15,1,415,0.00016,0.46233,0.73976,v24_testis
ENST00000269025,21,1,321,0.00015,0.48465,0.6729,v24_testis
ENST00000239144,24,4,243,0.00069,0.51029,0.71193,v24_testis
ENST00000311177,14,5,250,0.00143,0.53143,0.7288,v24_testis
ENST00000336915,21,6,359,0.0008,0.43454,0.25998,v24_testis
ENST00000336915,21,6,359,0.0008,0.43454,0.25998,v24_testis
ENST00000393408,7,3,185,0.00232,0.42626,0.41622,v24_testis
ENST00000433608,36,8,584,0.00038,0.54771,0.59675,v24_testis
ENST00000504681,29,8,480,0.00057,0.47651,0.29609,v24_testis
ENST00000310544,11,3,267,0.00102,0.50732,0.75406,v24_testis
ENST00000413580,14,3,292,0.00073,0.44447,0.77511,v24_testis
ENST00000434704,22,5,287,0.00079,0.54672,0.82439,v24_testis
ENST00000398154,9,3,96,0.00347,0.58912,0.46875,v24_testis
ENST00000240306,19,6,240,0.00132,0.58991,0.62917,v24_testis
ENST00000411890,15,4,168,0.00159,0.51468,0.66964,v24_testis
ENST00000509079,13,5,374,0.00103,0.55491,0.60802,v24_testis
ENST00000311378,23,2,576,0.00015,0.47524,0.3177,v24_testis
ENST00000225298,18,8,556,0.0008,0.39358,0.51798,v24_testis
ENST00000325214,10,4,142,0.00282,0.42747,0.40317,v24_testis
ENST00000572558,11,3,231,0.00118,0.58756,0.85426,v24_testis
ENST00000621116,44,8,903,0.0002,0.55824,0.70183,v24_testis
ENST00000337432,24,8,376,0.00089,0.57558,0.65459,v24_testis
ENST00000308249,28,8,755,0.00038,0.52455,0.66407,v24_testis
ENST00000412945,27,6,470,0.00047,0.55965,0.75532,v24_testis
ENST00000581276,16,7,290,0.00151,0.54116,0.59458,v24_testis
ENST00000581140,13,6,289,0.0016,0.44823,0.53864,v24_testis
ENST00000284116,16,8,314,0.00159,0.4996,0.59315,v24_testis
ENST00000269127,16,3,236,0.00079,0.49364,0.63701,v24_testis
ENST00000450662,19,8,490,0.00086,0.58453,0.5949,v24_testis
ENST00000305286,19,8,438,0.00096,0.53521,0.5468,v24_testis
ENST00000413513,42,4,691,0.00014,0.42426,0.4385,v24_testis
ENST00000290863,47,4,732,0.00012,0.4507,0.41394,v24_testis
ENST00000336844,10,2,167,0.0012,0.39701,0.34431,v24_testis
ENST00000456543,14,3,245,0.00087,0.44548,0.33605,v24_testis
ENST00000423893,14,3,217,0.00099,0.46906,0.3702,v24_testis
ENST00000639835,18,3,394,0.00042,0.58742,0.60237,v24_testis
ENST00000375840,17,2,373,0.00032,0.59786,0.874,v24_testis
ENST00000309894,13,2,222,0.00069,0.42862,0.20496,v24_testis
ENST00000323322,14,4,217,0.00132,0.46906,0.31452,v24_testis
ENST00000412177,12,4,189,0.00176,0.39947,0.59392,v24_testis
ENST00000612294,16,7,360,0.00122,0.41181,0.22381,v24_testis
ENST00000392720,16,7,360,0.00122,0.41181,0.22381,v24_testis
ENST00000392720,16,7,360,0.00122,0.41181,0.22381,v24_testis
ENST00000405159,12,3,207,0.00121,0.63043,0.75523,v24_testis
ENST00000311014,27,3,605,0.00018,0.49244,0.40661,v24_testis
ENST00000582036,26,3,593,0.00019,0.48644,0.41484,v24_testis
ENST00000612771,6,0,368,0.0,0.75679,,v24_testis
ENST00000614341,17,1,461,0.00013,0.51895,0.43818,v24_testis
ENST00000293195,25,4,491,0.00033,0.50395,0.42312,v24_testis
ENST00000409753,5,2,154,0.0026,0.40779,0.31493,v24_testis
ENST00000580994,17,4,320,0.00074,0.47298,0.40781,v24_testis
ENST00000416858,17,4,320,0.00074,0.47298,0.40781,v24_testis
ENST00000167462,62,7,1015,0.00011,0.48147,0.53483,v24_testis
ENST00000420326,20,7,410,0.00085,0.43439,0.35018,v24_testis
ENST00000579469,4,1,62,0.00403,0.375,0.87097,v24_testis
ENST00000250615,8,3,252,0.00149,0.41022,0.10847,v24_testis
ENST00000322957,18,1,421,0.00013,0.49037,0.65321,v24_testis
ENST00000350051,4,0,142,0.0,0.51408,,v24_testis
ENST00000427674,18,2,422,0.00026,0.38889,0.41114,v24_testis
ENST00000446868,20,5,398,0.00063,0.36118,0.15829,v24_testis
ENST00000269385,19,2,389,0.00027,0.51874,0.59641,v24_testis
ENST00000591773,10,1,401,0.00025,0.45287,0.2394,v24_testis
ENST00000269399,13,5,211,0.00182,0.61283,0.83317,v24_testis
ENST00000310942,23,2,532,0.00016,0.50466,0.90884,v24_testis
ENST00000590267,17,6,256,0.00138,0.45841,0.5026,v24_testis
ENST00000302262,49,4,952,9e-05,0.53059,0.34165,v24_testis
ENST00000707779,49,4,952,9e-05,0.53059,0.34165,v24_testis
ENST00000707781,49,4,952,9e-05,0.53059,0.34165,v24_testis
ENST00000390015,49,4,952,9e-05,0.53059,0.34165,v24_testis
ENST00000323854,17,1,264,0.00022,0.57754,0.90909,v24_testis
ENST00000321300,33,5,552,0.00027,0.43561,0.33877,v24_testis
ENST00000350690,15,4,287,0.00093,0.48966,0.62282,v24_testis
ENST00000673369,5,0,97,0.0,0.59175,,v24_testis
ENST00000538396,5,0,97,0.0,0.59175,,v24_testis
ENST00000409678,31,4,496,0.00026,0.55704,0.29335,v24_testis
ENST00000306897,5,2,192,0.00208,0.45313,0.52083,v24_testis
ENST00000337943,12,2,316,0.00053,0.64478,0.83861,v24_testis
ENST00000392358,25,3,527,0.00023,0.56266,0.57622,v24_testis
ENST00000357385,10,5,196,0.00255,0.60255,0.64592,v24_testis
ENST00000392376,6,1,84,0.00198,0.78968,0.78571,v24_testis
ENST00000333383,5,0,125,0.0,0.6688,,v24_testis
ENST00000538936,22,4,389,0.00047,0.55784,0.62982,v24_testis
ENST00000392325,15,6,344,0.00116,0.54787,0.58043,v24_testis
ENST00000345415,25,5,408,0.00049,0.56647,0.35,v24_testis
ENST00000309794,28,5,456,0.00039,0.55506,0.41842,v24_testis
ENST00000579794,5,2,176,0.00227,0.775,0.87784,v24_testis
ENST00000323274,18,5,313,0.00089,0.51704,0.64153,v24_testis
ENST00000618001,16,7,286,0.00153,0.53344,0.71079,v24_testis
ENST00000551541,14,7,252,0.00198,0.54875,0.67177,v24_testis
ENST00000357775,32,3,486,0.00019,0.3777,0.5391,v24_testis
ENST00000306084,34,4,553,0.00021,0.43091,0.45796,v24_testis
ENST00000327606,3,0,297,0.0,0.57576,,v24_testis
ENST00000585331,7,4,233,0.00245,0.52422,0.50429,v24_testis
ENST00000256906,11,5,390,0.00117,0.64872,0.75333,v24_testis
ENST00000308268,14,4,256,0.00112,0.43136,0.43848,v24_testis
ENST00000415576,14,4,250,0.00114,0.42629,0.437,v24_testis
ENST00000257190,13,9,151,0.00458,0.63016,0.59088,v24_testis
ENST00000334598,5,1,192,0.00104,0.45625,0.56771,v24_testis
ENST00000334295,10,4,300,0.00133,0.59133,0.41917,v24_testis
ENST00000592875,10,5,220,0.00227,0.46273,0.56636,v24_testis
ENST00000398705,10,0,457,0.0,0.4779,,v24_testis
ENST00000300591,29,5,1114,0.00015,0.43574,0.19084,v24_testis
ENST00000398686,10,0,512,0.0,0.42656,,v24_testis
ENST00000245121,21,7,466,0.00072,0.45013,0.34672,v24_testis
ENST00000406189,24,7,659,0.00044,0.52308,0.66247,v24_testis
ENST00000285116,12,7,255,0.00229,0.44706,0.35182,v24_testis
ENST00000571751,12,7,255,0.00229,0.44706,0.35182,v24_testis
ENST00000285116,12,7,255,0.00229,0.44706,0.35182,v24_testis
ENST00000571751,12,7,255,0.00229,0.44706,0.35182,v24_testis
ENST00000436348,18,6,262,0.00127,0.63571,0.63231,v24_testis
ENST00000398439,20,6,248,0.00121,0.55363,0.61828,v24_testis
ENST00000588444,14,4,196,0.00146,0.50036,0.58291,v24_testis
ENST00000583046,13,4,302,0.00102,0.5782,0.71358,v24_testis
ENST00000382948,42,6,605,0.00024,0.49567,0.27961,v24_testis
ENST00000398488,32,6,503,0.00037,0.48248,0.33631,v24_testis
ENST00000398495,39,8,566,0.00036,0.49275,0.35137,v24_testis
ENST00000457839,45,8,630,0.00028,0.49291,0.31568,v24_testis
ENST00000618613,13,6,184,0.00251,0.52258,0.4991,v24_testis
ENST00000529320,8,2,138,0.00181,0.62772,0.74276,v24_testis
ENST00000382771,13,8,375,0.00164,0.43036,0.34633,v24_testis
ENST00000343998,22,3,419,0.00033,0.64081,0.73827,v24_testis
ENST00000419743,9,4,510,0.00087,0.32244,0.40588,v24_testis
ENST00000419743,9,4,510,0.00087,0.32244,0.40588,v24_testis
ENST00000614883,59,6,1300,8e-05,0.47295,0.55128,v24_testis
ENST00000576809,59,6,1300,8e-05,0.47295,0.55128,v24_testis
ENST00000537592,59,6,1300,8e-05,0.47295,0.55128,v24_testis
ENST00000316249,11,0,466,0.0,0.61861,,v24_testis
ENST00000262197,9,3,242,0.00138,0.68687,0.71074,v24_testis
ENST00000632932,45,9,805,0.00025,0.43103,0.51014,v24_testis
ENST00000264819,23,6,545,0.00048,0.4643,0.35902,v24_testis
ENST00000315489,10,2,289,0.00069,0.51834,0.43772,v24_testis
ENST00000342640,13,2,379,0.00041,0.43495,0.89842,v24_testis
ENST00000215574,5,0,236,0.0,0.35339,,v24_testis
ENST00000327790,13,1,309,0.00025,0.5066,0.8835,v24_testis
ENST00000251287,36,3,889,9e-05,0.50506,0.40795,v24_testis
ENST00000588649,94,6,1230,5e-05,0.4636,0.61992,v24_testis
ENST00000359894,21,1,746,6e-05,0.48104,0.45979,v24_testis
ENST00000263620,40,6,593,0.00025,0.47213,0.49213,v24_testis
ENST00000264560,21,4,343,0.00056,0.41177,0.70262,v24_testis
ENST00000333511,17,0,385,0.0,0.47196,,v24_testis
ENST00000326873,21,5,433,0.00055,0.49401,0.63326,v24_testis
ENST00000300954,43,3,755,9e-05,0.42828,0.57748,v24_testis
ENST00000585362,6,0,109,0.0,0.42049,,v24_testis
ENST00000233596,6,1,184,0.00091,0.60598,0.73913,v24_testis
ENST00000330475,30,7,471,0.0005,0.55803,0.55839,v24_testis
ENST00000454744,18,4,336,0.00066,0.57077,0.54613,v24_testis
ENST00000336761,27,9,378,0.00088,0.50421,0.73163,v24_testis
ENST00000170168,46,4,1221,7e-05,0.52902,0.51924,v24_testis
ENST00000525591,60,7,1263,9e-05,0.50718,0.59416,v24_testis
ENST00000310127,61,9,1300,0.00011,0.5091,0.47897,v24_testis
ENST00000588136,27,2,651,0.00011,0.57245,0.37481,v24_testis
ENST00000262965,26,2,654,0.00012,0.55546,0.37309,v24_testis
ENST00000221496,23,3,560,0.00023,0.48098,0.59167,v24_testis
ENST00000395307,13,3,214,0.00108,0.59705,0.61682,v24_testis
ENST00000395301,13,3,232,0.00099,0.5567,0.56896,v24_testis
ENST00000649857,45,5,1059,0.0001,0.51073,0.58659,v24_testis
ENST00000610743,15,1,511,0.00013,0.45101,0.8591,v24_testis
ENST00000269740,6,0,314,0.0,0.55202,,v24_testis
ENST00000246112,39,8,572,0.00036,0.45195,0.4399,v24_testis
ENST00000215531,4,0,130,0.0,0.375,,v24_testis
ENST00000334293,28,2,320,0.00022,0.56641,0.58126,v24_testis
ENST00000411851,15,2,407,0.00033,0.58739,0.7801,v24_testis
ENST00000441788,26,4,493,0.00031,0.51451,0.63337,v24_testis
ENST00000329493,12,0,209,0.0,0.5303,,v24_testis
ENST00000262961,67,9,939,0.00014,0.44293,0.29807,v24_testis
ENST00000586578,2,1,44,0.01136,0.25,0.36364,v24_testis
ENST00000439086,3,1,70,0.00476,0.1381,0.05714,v24_testis
ENST00000262971,19,6,510,0.00062,0.41455,0.25523,v24_testis
ENST00000221856,28,8,496,0.00058,0.4537,0.3246,v24_testis
ENST00000301280,51,9,956,0.00018,0.5153,0.34089,v24_testis
ENST00000417295,19,2,320,0.00033,0.51365,0.52812,v24_testis
ENST00000650722,13,3,328,0.0007,0.59123,0.48374,v24_testis
ENST00000536716,6,0,186,0.0,0.34946,,v24_testis
ENST00000650932,38,6,793,0.0002,0.54745,0.61286,v24_testis
ENST00000419421,15,1,422,0.00016,0.34676,0.27962,v24_testis
ENST00000301452,7,1,264,0.00054,0.34361,0.02652,v24_testis
ENST00000245812,9,1,221,0.0005,0.40875,0.97285,v24_testis
ENST00000303657,58,7,723,0.00017,0.47324,0.46769,v24_testis
ENST00000321510,26,5,370,0.00052,0.5026,0.21297,v24_testis
ENST00000264071,21,2,444,0.00021,0.51169,0.23874,v24_testis
ENST00000340578,37,9,567,0.00043,0.50698,0.46306,v24_testis
ENST00000439268,37,9,562,0.00043,0.5062,0.46224,v24_testis
ENST00000361664,33,8,505,0.00048,0.60756,0.66856,v24_testis
ENST00000221480,13,3,241,0.00096,0.45579,0.37483,v24_testis
ENST00000446248,60,5,1276,7e-05,0.48011,0.41709,v24_testis
ENST00000414284,19,2,590,0.00018,0.48626,0.75848,v24_testis
ENST00000311069,16,5,136,0.0023,0.54228,0.575,v24_testis
ENST00000545201,64,4,1300,5e-05,0.47357,0.35077,v24_testis
ENST00000414982,69,5,1375,5e-05,0.47182,0.30909,v24_testis
ENST00000407627,14,3,326,0.00066,0.50066,0.49387,v24_testis
ENST00000538904,62,5,805,0.0001,0.55354,0.53764,v24_testis
ENST00000641288,8,3,312,0.0012,0.44792,0.38034,v24_testis
ENST00000403903,12,6,187,0.00267,0.38726,0.36364,v24_testis
ENST00000309469,18,4,474,0.00047,0.55192,0.51266,v24_testis
ENST00000344979,41,9,647,0.00034,0.48641,0.50266,v24_testis
ENST00000397820,13,1,230,0.00033,0.43478,0.65217,v24_testis
ENST00000253031,18,4,316,0.0007,0.41104,0.19225,v24_testis
ENST00000250241,30,8,690,0.00039,0.45522,0.45254,v24_testis
ENST00000356392,48,8,595,0.00028,0.48158,0.26092,v24_testis
ENST00000252445,4,1,83,0.00301,0.50603,0.98795,v24_testis
ENST00000389253,48,8,870,0.00019,0.48341,0.59943,v24_testis
ENST00000293771,22,2,615,0.00015,0.46711,0.45122,v24_testis
ENST00000393261,23,0,458,0.0,0.60148,,v24_testis
ENST00000322912,13,3,261,0.00088,0.38373,0.45594,v24_testis
ENST00000293695,18,6,218,0.00153,0.48191,0.66208,v24_testis
ENST00000672786,43,9,637,0.00033,0.50071,0.46869,v24_testis
ENST00000346736,43,9,637,0.00033,0.50071,0.46869,v24_testis
ENST00000673200,9,2,192,0.00116,0.59028,0.57552,v24_testis
ENST00000339133,9,2,192,0.00116,0.59028,0.57552,v24_testis
ENST00000669674,37,5,688,0.0002,0.46421,0.475,v24_testis
ENST00000673296,37,5,688,0.0002,0.46421,0.475,v24_testis
ENST00000221504,35,5,630,0.00023,0.50422,0.62063,v24_testis
ENST00000263382,7,3,202,0.00212,0.54526,0.38119,v24_testis
ENST00000672225,7,3,202,0.00212,0.54526,0.38119,v24_testis
ENST00000339560,31,4,505,0.00026,0.45225,0.41881,v24_testis
ENST00000672524,31,4,505,0.00026,0.45225,0.41881,v24_testis
ENST00000672142,32,4,510,0.00025,0.44363,0.42451,v24_testis
ENST00000538371,32,4,510,0.00025,0.44363,0.42451,v24_testis
ENST00000672437,22,3,600,0.00023,0.51833,0.40111,v24_testis
ENST00000254337,22,3,600,0.00023,0.51833,0.40111,v24_testis
ENST00000242776,27,5,427,0.00043,0.5036,0.26604,v24_testis
ENST00000340736,56,5,1474,6e-05,0.48644,0.54736,v24_testis
ENST00000672190,56,5,1474,6e-05,0.48644,0.54736,v24_testis
ENST00000248073,6,4,320,0.00208,0.18802,0.16718,v24_testis
ENST00000340880,28,3,576,0.00019,0.50174,0.61053,v24_testis
ENST00000269703,22,7,531,0.0006,0.59057,0.60856,v24_testis
ENST00000263390,44,8,600,0.0003,0.57553,0.78125,v24_testis
ENST00000448593,26,9,409,0.00085,0.49191,0.47161,v24_testis
ENST00000317306,6,2,131,0.00254,0.72265,0.72138,v24_testis
ENST00000324096,32,5,1059,0.00015,0.51658,0.24854,v24_testis
ENST00000222248,22,1,643,7e-05,0.51583,0.6423,v24_testis
ENST00000222249,23,5,543,0.0004,0.57891,0.67109,v24_testis
ENST00000595033,37,4,839,0.00013,0.50994,0.36502,v24_testis
ENST00000593829,12,3,139,0.0018,0.68885,0.67626,v24_testis
ENST00000247005,13,1,372,0.00021,0.37179,0.80108,v24_testis
ENST00000429504,7,0,337,0.0,0.4841,,v24_testis
ENST00000457269,22,2,504,0.00018,0.45265,0.48908,v24_testis
ENST00000338128,24,2,558,0.00015,0.4655,0.53853,v24_testis
ENST00000351079,18,1,257,0.00022,0.55707,0.97665,v24_testis
ENST00000262812,21,1,308,0.00015,0.55906,0.98052,v24_testis
ENST00000585580,11,1,273,0.00033,0.49484,0.40293,v24_testis
ENST00000291495,48,2,1156,4e-05,0.52993,0.66609,v24_testis
ENST00000436027,6,0,249,0.0,0.31392,,v24_testis
ENST00000514277,12,1,299,0.00028,0.29766,0.16388,v24_testis
ENST00000251203,24,5,374,0.00056,0.50334,0.35508,v24_testis
ENST00000397121,10,3,588,0.00051,0.21361,0.21429,v24_testis
ENST00000395385,10,3,588,0.00051,0.21361,0.21429,v24_testis
ENST00000601693,28,8,1252,0.00023,0.34773,0.34475,v24_testis
ENST00000357774,19,6,572,0.00055,0.36207,0.39044,v24_testis
ENST00000456783,17,5,531,0.00055,0.38817,0.41507,v24_testis
ENST00000402377,27,6,645,0.00034,0.42676,0.20982,v24_testis
ENST00000615413,6,1,129,0.00129,0.39535,0.63566,v24_testis
ENST00000599885,6,1,129,0.00129,0.39535,0.63566,v24_testis
ENST00000262643,23,9,410,0.00095,0.56585,0.65041,v24_testis
ENST00000590247,11,7,125,0.00509,0.45455,0.49714,v24_testis
ENST00000421545,20,9,395,0.00114,0.49494,0.45345,v24_testis
ENST00000588258,20,6,215,0.0014,0.66628,0.59457,v24_testis
ENST00000355868,8,1,472,0.00026,0.56594,0.875,v24_testis
ENST00000023064,12,4,487,0.00068,0.43429,0.67659,v24_testis
ENST00000650847,21,1,424,0.00011,0.42913,0.22406,v24_testis
ENST00000588991,33,3,569,0.00016,0.57405,0.7768,v24_testis
ENST00000633059,12,1,279,0.0003,0.44415,0.97133,v24_testis
ENST00000262623,48,6,1035,0.00012,0.55036,0.42593,v24_testis
ENST00000338897,4,0,99,0.0,0.53283,,v24_testis
ENST00000402764,16,5,342,0.00091,0.52577,0.43041,v24_testis
ENST00000541435,12,3,178,0.0014,0.43446,0.24345,v24_testis
ENST00000587708,5,1,101,0.00198,0.43564,0.48515,v24_testis
ENST00000301159,14,1,246,0.00029,0.62718,0.99593,v24_testis
ENST00000222286,17,6,408,0.00087,0.40614,0.29044,v24_testis
ENST00000360202,28,5,708,0.00025,0.42065,0.13107,v24_testis
ENST00000314737,60,8,1126,0.00012,0.51955,0.51998,v24_testis
ENST00000378944,54,5,1123,8e-05,0.50719,0.64203,v24_testis
ENST00000401500,72,6,1523,5e-05,0.54861,0.57485,v24_testis
ENST00000270301,72,6,1518,5e-05,0.54932,0.5751,v24_testis
ENST00000544690,6,4,102,0.00654,0.77451,0.81127,v24_testis
ENST00000585960,5,4,92,0.0087,0.52391,0.63315,v24_testis
ENST00000409235,50,6,1159,0.0001,0.45612,0.66106,v24_testis
ENST00000420980,15,5,353,0.00094,0.49122,0.46629,v24_testis
ENST00000412732,12,5,332,0.00126,0.49297,0.38313,v24_testis
ENST00000334928,29,2,652,0.00011,0.45013,0.67408,v24_testis
ENST00000221265,31,8,531,0.00049,0.41188,0.47269,v24_testis
ENST00000360442,32,2,591,0.00011,0.48641,0.49747,v24_testis
ENST00000392079,8,2,270,0.00093,0.37778,0.25556,v24_testis
ENST00000634995,8,2,270,0.00093,0.37778,0.25556,v24_testis
ENST00000607714,23,6,353,0.00074,0.53024,0.46317,v24_testis
ENST00000205143,18,4,618,0.00036,0.47519,0.58778,v24_testis
ENST00000356433,16,4,587,0.00043,0.43462,0.61883,v24_testis
ENST00000430012,30,2,589,0.00011,0.48246,0.52377,v24_testis
ENST00000627034,30,2,589,0.00011,0.48246,0.52377,v24_testis
ENST00000625388,32,2,601,0.0001,0.48809,0.5233,v24_testis
ENST00000348817,32,2,601,0.0001,0.48809,0.5233,v24_testis
ENST00000291823,25,1,616,6e-05,0.53325,0.95455,v24_testis
ENST00000331105,21,3,491,0.00029,0.53768,0.5852,v24_testis
ENST00000582783,13,3,422,0.00055,0.51294,0.16272,v24_testis
ENST00000594136,11,5,213,0.00213,0.59496,0.48263,v24_testis
ENST00000406058,22,6,407,0.00067,0.46694,0.62285,v24_testis
ENST00000413014,5,2,133,0.00301,0.31128,0.07143,v24_testis
ENST00000436170,5,2,123,0.00325,0.33658,0.07724,v24_testis
ENST00000301204,20,4,493,0.00041,0.52819,0.31085,v24_testis
ENST00000301183,10,2,191,0.00105,0.41885,0.42146,v24_testis
ENST00000417807,15,3,263,0.00076,0.46363,0.48796,v24_testis
ENST00000543770,38,6,1024,0.00015,0.51783,0.5848,v24_testis
ENST00000648268,38,6,1013,0.00016,0.5126,0.58029,v24_testis
ENST00000545399,39,6,1026,0.00015,0.50582,0.58561,v24_testis
ENST00000262890,17,4,231,0.00102,0.52661,0.40476,v24_testis
ENST00000341747,23,8,356,0.00098,0.47521,0.54635,v24_testis
ENST00000406636,11,7,297,0.00214,0.56474,0.55652,v24_testis
ENST00000404209,19,8,419,0.001,0.46137,0.5892,v24_testis
ENST00000436291,14,7,419,0.00119,0.48738,0.64405,v24_testis
ENST00000342951,15,8,335,0.00159,0.46189,0.375,v24_testis
ENST00000270066,31,8,520,0.0005,0.47463,0.42212,v24_testis
ENST00000300811,6,0,188,0.0,0.5328,,v24_testis
ENST00000599207,4,0,204,0.0,0.46324,,v24_testis
ENST00000414615,14,1,208,0.00034,0.56868,0.91827,v24_testis
ENST00000614924,26,4,596,0.00026,0.47232,0.64723,v24_testis
ENST00000341505,28,4,428,0.00033,0.50826,0.41297,v24_testis
ENST00000686631,55,2,832,4e-05,0.45634,0.09496,v24_testis
ENST00000391946,40,8,504,0.0004,0.44107,0.61434,v24_testis
ENST00000323060,15,2,180,0.00074,0.63667,0.55556,v24_testis
ENST00000366382,11,2,288,0.00063,0.46875,0.30556,v24_testis
ENST00000434646,5,1,130,0.00154,0.61385,0.82308,v24_testis
ENST00000377693,5,1,119,0.00168,0.57815,0.80672,v24_testis
ENST00000438932,13,2,378,0.00041,0.48555,0.60715,v24_testis
ENST00000263280,27,5,753,0.00025,0.38616,0.18008,v24_testis
ENST00000391910,27,5,760,0.00024,0.38499,0.17842,v24_testis
ENST00000221996,22,5,299,0.00076,0.43417,0.58127,v24_testis
ENST00000315396,50,4,670,0.00012,0.37913,0.36679,v24_testis
ENST00000263269,34,5,1336,0.00011,0.39035,0.44865,v24_testis
ENST00000321762,3,0,124,0.0,0.53763,,v24_testis
ENST00000332955,16,3,350,0.00054,0.61214,0.67524,v24_testis
ENST00000318083,19,5,415,0.00063,0.31465,0.41398,v24_testis
ENST00000221399,34,8,520,0.00045,0.49695,0.36418,v24_testis
ENST00000545387,15,4,300,0.00089,0.55178,0.605,v24_testis
ENST00000357383,7,3,165,0.0026,0.60693,0.69697,v24_testis
ENST00000359342,6,3,163,0.00307,0.70041,0.69325,v24_testis
ENST00000301407,4,2,155,0.00323,0.60161,0.57096,v24_testis
ENST00000649238,4,1,141,0.00177,0.48759,0.51773,v24_testis
ENST00000595090,22,1,463,0.0001,0.4786,0.10367,v24_testis
ENST00000448456,7,3,165,0.0026,0.60693,0.69697,v24_testis
ENST00000301408,7,3,165,0.0026,0.60693,0.69697,v24_testis
ENST00000596965,7,3,165,0.0026,0.60693,0.69697,v24_testis
ENST00000221459,18,3,207,0.00081,0.51369,0.85346,v24_testis
ENST00000408991,4,3,129,0.00581,0.45349,0.4677,v24_testis
ENST00000597873,8,1,145,0.00086,0.46207,0.35862,v24_testis
ENST00000597546,12,0,199,0.0,0.53392,,v24_testis
ENST00000221498,14,1,242,0.0003,0.5304,0.52479,v24_testis
ENST00000596358,13,1,301,0.00026,0.42832,0.33887,v24_testis
ENST00000598293,49,7,803,0.00018,0.53267,0.64152,v24_testis
ENST00000392518,49,7,803,0.00018,0.53267,0.64152,v24_testis
ENST00000535102,25,3,615,0.0002,0.47811,0.3626,v24_testis
ENST00000525130,4,1,86,0.00291,0.52907,0.40698,v24_testis
ENST00000528094,6,1,382,0.00044,0.18412,0.09162,v24_testis
ENST00000425202,2,0,198,0.0,0.09091,,v24_testis
ENST00000599144,11,1,281,0.00032,0.55516,0.07829,v24_testis
ENST00000441864,11,2,249,0.00073,0.43775,0.4237,v24_testis
ENST00000270593,14,0,426,0.0,0.4336,,v24_testis
ENST00000595790,14,3,231,0.00093,0.61905,0.46032,v24_testis
ENST00000439922,8,1,171,0.00073,0.64401,0.09942,v24_testis
ENST00000600079,22,4,590,0.00031,0.42727,0.63475,v24_testis
ENST00000593901,22,4,590,0.00031,0.42727,0.63475,v24_testis
ENST00000391808,8,1,137,0.00091,0.59307,0.9781,v24_testis
ENST00000341114,27,1,589,6e-05,0.47431,0.81154,v24_testis
ENST00000352066,27,4,522,0.00028,0.6441,0.46312,v24_testis
ENST00000595793,18,4,277,0.0008,0.59547,0.62094,v24_testis
ENST00000347619,5,0,119,0.0,0.40336,,v24_testis
ENST00000695909,20,4,260,0.00077,0.40615,0.32788,v24_testis
ENST00000391805,19,2,276,0.00038,0.50839,0.4837,v24_testis
ENST00000270642,12,2,336,0.0005,0.47842,0.43154,v24_testis
ENST00000291715,7,1,167,0.00086,0.35757,0.20359,v24_testis
ENST00000574814,10,2,186,0.00108,0.55753,0.21774,v24_testis
ENST00000319720,17,1,250,0.00024,0.56918,0.852,v24_testis
ENST00000221973,7,1,215,0.00066,0.32691,0.60465,v24_testis
ENST00000343300,20,5,353,0.00071,0.50255,0.6272,v24_testis
ENST00000359982,21,6,389,0.00073,0.49247,0.65424,v24_testis
ENST00000602168,19,8,477,0.00088,0.3853,0.38548,v24_testis
ENST00000341702,10,4,395,0.00101,0.50912,0.43102,v24_testis
ENST00000617982,44,6,753,0.00018,0.48569,0.53696,v24_testis
ENST00000612924,44,6,753,0.00018,0.48569,0.53696,v24_testis
ENST00000610883,44,6,753,0.00018,0.48569,0.53696,v24_testis
ENST00000620060,44,6,753,0.00018,0.48569,0.53696,v24_testis
ENST00000221232,44,6,753,0.00018,0.48569,0.53696,v24_testis
ENST00000611252,44,6,753,0.00018,0.48569,0.53696,v24_testis
ENST00000616910,44,6,753,0.00018,0.48569,0.53696,v24_testis
ENST00000616359,44,6,753,0.00018,0.48569,0.53696,v24_testis
ENST00000620573,44,6,753,0.00018,0.48569,0.53696,v24_testis
ENST00000619854,44,6,753,0.00018,0.48569,0.53696,v24_testis
ENST00000376531,27,2,460,0.00016,0.45757,0.70652,v24_testis
ENST00000614458,27,2,460,0.00016,0.45757,0.70652,v24_testis
ENST00000619453,27,2,460,0.00016,0.45757,0.70652,v24_testis
ENST00000611471,27,2,460,0.00016,0.45757,0.70652,v24_testis
ENST00000620298,30,3,450,0.00022,0.51926,0.80518,v24_testis
ENST00000376530,30,3,450,0.00022,0.51926,0.80518,v24_testis
ENST00000611711,30,3,450,0.00022,0.51926,0.80518,v24_testis
ENST00000619450,30,3,450,0.00022,0.51926,0.80518,v24_testis
ENST00000622589,30,9,620,0.00048,0.45102,0.49211,v24_testis
ENST00000614662,30,9,620,0.00048,0.45102,0.49211,v24_testis
ENST00000617954,30,9,620,0.00048,0.45102,0.49211,v24_testis
ENST00000619136,30,9,620,0.00048,0.45102,0.49211,v24_testis
ENST00000310373,30,9,620,0.00048,0.45102,0.49211,v24_testis
ENST00000613649,30,9,620,0.00048,0.45102,0.49211,v24_testis
ENST00000615407,30,9,620,0.00048,0.45102,0.49211,v24_testis
ENST00000610746,30,9,620,0.00048,0.45102,0.49211,v24_testis
ENST00000622279,30,9,620,0.00048,0.45102,0.49211,v24_testis
ENST00000611436,30,9,620,0.00048,0.45102,0.49211,v24_testis
ENST00000622589,30,9,620,0.00048,0.45102,0.49211,v24_testis
ENST00000614662,30,9,620,0.00048,0.45102,0.49211,v24_testis
ENST00000617954,30,9,620,0.00048,0.45102,0.49211,v24_testis
ENST00000616456,17,5,339,0.00087,0.46434,0.58289,v24_testis
ENST00000619136,30,9,620,0.00048,0.45102,0.49211,v24_testis
ENST00000613649,30,9,620,0.00048,0.45102,0.49211,v24_testis
ENST00000615407,30,9,620,0.00048,0.45102,0.49211,v24_testis
ENST00000610746,30,9,620,0.00048,0.45102,0.49211,v24_testis
ENST00000417454,17,5,339,0.00087,0.46434,0.58289,v24_testis
ENST00000611436,30,9,620,0.00048,0.45102,0.49211,v24_testis
ENST00000412770,65,8,881,0.00014,0.51911,0.71935,v24_testis
ENST00000326529,6,0,88,0.0,0.41856,,v24_testis
ENST00000264563,10,2,199,0.00101,0.49447,0.36684,v24_testis
ENST00000356783,15,5,251,0.00133,0.54714,0.62231,v24_testis
ENST00000291934,5,0,177,0.0,0.32203,,v24_testis
ENST00000527223,32,8,608,0.00041,0.60429,0.72122,v24_testis
ENST00000455045,30,9,487,0.00062,0.54648,0.58362,v24_testis
ENST00000391720,31,8,588,0.00044,0.60638,0.7111,v24_testis
ENST00000524407,31,8,541,0.00048,0.57218,0.686,v24_testis
ENST00000264552,2,0,222,0.0,0.34234,,v24_testis
ENST00000586855,35,9,495,0.00052,0.52162,0.60045,v24_testis
ENST00000391713,32,6,496,0.00038,0.52445,0.6008,v24_testis
ENST00000357330,4,1,116,0.00216,0.46336,0.69828,v24_testis
ENST00000554048,21,9,204,0.0021,0.52031,0.44662,v24_testis
ENST00000415300,14,3,290,0.00074,0.46699,0.78276,v24_testis
ENST00000598785,11,3,275,0.00099,0.56496,0.77091,v24_testis
ENST00000302804,16,4,309,0.00081,0.44154,0.6076,v24_testis
ENST00000314391,10,6,215,0.00279,0.42139,0.3938,v24_testis
ENST00000282326,32,3,408,0.00023,0.41284,0.37582,v24_testis
ENST00000391702,15,4,359,0.00074,0.51216,0.67897,v24_testis
ENST00000597582,31,3,531,0.00018,0.44517,0.18832,v24_testis
ENST00000263093,33,3,690,0.00013,0.56746,0.51353,v24_testis
ENST00000359978,25,6,390,0.00062,0.56523,0.63248,v24_testis
ENST00000643062,9,3,304,0.0011,0.5296,0.76973,v24_testis
ENST00000622039,9,3,304,0.0011,0.5296,0.76973,v24_testis
ENST00000618071,9,3,304,0.0011,0.5296,0.76973,v24_testis
ENST00000617661,9,3,304,0.0011,0.5296,0.76973,v24_testis
ENST00000640974,9,3,304,0.0011,0.5296,0.76973,v24_testis
ENST00000612447,9,3,304,0.0011,0.5296,0.76973,v24_testis
ENST00000621207,9,3,304,0.0011,0.5296,0.76973,v24_testis
ENST00000611996,9,3,304,0.0011,0.5296,0.76973,v24_testis
ENST00000645834,9,3,304,0.0011,0.5296,0.76973,v24_testis
ENST00000613951,9,3,297,0.00112,0.51852,0.76431,v24_testis
ENST00000403610,7,1,152,0.00094,0.50752,0.22368,v24_testis
ENST00000627321,6,3,80,0.00625,0.41042,0.52917,v24_testis
ENST00000627224,11,4,231,0.00157,0.62967,0.65584,v24_testis
ENST00000252505,13,3,391,0.00059,0.53787,0.48934,v24_testis
ENST00000458098,22,5,366,0.00062,0.52397,0.58852,v24_testis
ENST00000497473,12,3,248,0.00101,0.47883,0.61425,v24_testis
ENST00000360566,15,5,449,0.00074,0.44573,0.52695,v24_testis
ENST00000304567,14,4,389,0.00073,0.39552,0.6009,v24_testis
ENST00000535335,26,9,495,0.0007,0.4791,0.4844,v24_testis
ENST00000272238,20,3,427,0.00035,0.53443,0.42076,v24_testis
ENST00000313213,5,0,129,0.0,0.29612,,v24_testis
ENST00000295150,10,5,206,0.00243,0.5801,0.49612,v24_testis
ENST00000238721,19,4,332,0.00063,0.52029,0.34563,v24_testis
ENST00000264711,9,3,273,0.00122,0.47782,0.55922,v24_testis
ENST00000395826,10,2,267,0.00075,0.43034,0.09738,v24_testis
ENST00000328379,11,3,140,0.00195,0.52532,0.38333,v24_testis
ENST00000329615,10,2,201,0.001,0.55373,0.77612,v24_testis
ENST00000288699,16,1,564,0.00011,0.48582,0.9539,v24_testis
ENST00000335756,10,4,140,0.00286,0.50357,0.41072,v24_testis
ENST00000296096,11,2,214,0.00085,0.39083,0.0514,v24_testis
ENST00000296097,7,3,189,0.00227,0.73923,0.7037,v24_testis
ENST00000233535,12,2,388,0.00043,0.77427,0.81443,v24_testis
ENST00000323064,38,8,717,0.00029,0.53659,0.62779,v24_testis
ENST00000360131,46,9,886,0.00022,0.50783,0.55593,v24_testis
ENST00000344034,23,7,546,0.00056,0.54706,0.48116,v24_testis
ENST00000379632,21,6,376,0.00076,0.53483,0.64317,v24_testis
ENST00000610189,20,7,374,0.00094,0.56765,0.5424,v24_testis
ENST00000379579,13,9,313,0.00221,0.45908,0.45651,v24_testis
ENST00000334056,13,9,313,0.00221,0.45908,0.45651,v24_testis
ENST00000379579,13,9,313,0.00221,0.45908,0.45651,v24_testis
ENST00000402003,6,1,121,0.00138,0.63912,0.46281,v24_testis
ENST00000379520,6,1,121,0.00138,0.63912,0.46281,v24_testis
ENST00000417700,9,6,265,0.00252,0.53669,0.45409,v24_testis
ENST00000281950,6,2,167,0.002,0.53593,0.82036,v24_testis
ENST00000644631,4,1,151,0.00166,0.37583,0.5894,v24_testis
ENST00000378803,16,7,315,0.00139,0.60139,0.58186,v24_testis
ENST00000306078,8,3,436,0.00086,0.6379,0.71025,v24_testis
ENST00000394973,8,3,425,0.00088,0.635,0.70275,v24_testis
ENST00000408028,26,7,965,0.00028,0.45114,0.48631,v24_testis
ENST00000475092,12,6,315,0.00159,0.49868,0.47937,v24_testis
ENST00000406852,2,1,201,0.00249,0.71642,0.78109,v24_testis
ENST00000445927,14,5,248,0.00144,0.56711,0.68226,v24_testis
ENST00000294947,9,3,177,0.00188,0.56183,0.80979,v24_testis
ENST00000306465,2,0,206,0.0,0.81554,,v24_testis
ENST00000406846,23,7,695,0.00044,0.44173,0.34409,v24_testis
ENST00000317802,18,3,410,0.00041,0.55488,0.75122,v24_testis
ENST00000409218,6,2,146,0.00228,0.54224,0.60274,v24_testis
ENST00000409207,6,2,146,0.00228,0.54224,0.60274,v24_testis
ENST00000402285,7,2,156,0.00183,0.30861,0.32052,v24_testis
ENST00000432605,11,2,187,0.00097,0.62227,0.58021,v24_testis
ENST00000311832,12,4,190,0.00175,0.55351,0.65395,v24_testis
ENST00000456262,6,2,142,0.00235,0.4061,0.63732,v24_testis
ENST00000366671,17,2,354,0.00033,0.48023,0.07627,v24_testis
ENST00000409476,7,2,210,0.00136,0.36871,0.25477,v24_testis
ENST00000409164,14,6,288,0.00149,0.47941,0.41088,v24_testis
ENST00000320256,8,1,259,0.00048,0.52365,0.71815,v24_testis
ENST00000360589,18,1,530,0.0001,0.2392,0.38868,v24_testis
ENST00000272421,21,3,343,0.00042,0.44523,0.78523,v24_testis
ENST00000407644,44,7,726,0.00022,0.50219,0.53857,v24_testis
ENST00000430656,38,7,575,0.00032,0.58623,0.70783,v24_testis
ENST00000258106,13,0,290,0.0,0.6618,,v24_testis
ENST00000258098,31,6,653,0.0003,0.58445,0.64165,v24_testis
ENST00000707638,8,7,175,0.005,0.49786,0.56816,v24_testis
ENST00000272424,8,7,175,0.005,0.49786,0.56816,v24_testis
ENST00000290390,36,7,588,0.00033,0.43278,0.51968,v24_testis
ENST00000272324,5,3,175,0.00343,0.28914,0.29714,v24_testis
ENST00000305165,5,3,175,0.00343,0.28914,0.29714,v24_testis
ENST00000541910,2,1,143,0.0035,0.85664,0.83217,v24_testis
ENST00000165698,5,1,201,0.001,0.69254,0.69652,v24_testis
ENST00000295201,36,2,435,0.00013,0.44464,0.56666,v24_testis
ENST00000342380,19,4,431,0.00049,0.56307,0.64037,v24_testis
ENST00000468529,12,2,230,0.00072,0.41087,0.67392,v24_testis
ENST00000604011,12,3,251,0.001,0.47444,0.50066,v24_testis
ENST00000708046,16,5,314,0.001,0.44327,0.32612,v24_testis
ENST00000272610,16,5,314,0.001,0.44327,0.32612,v24_testis
ENST00000439118,34,7,555,0.00037,0.51537,0.61699,v24_testis
ENST00000536814,34,7,547,0.00038,0.50828,0.61139,v24_testis
ENST00000393526,15,1,119,0.00056,0.54286,0.17647,v24_testis
ENST00000393526,15,1,119,0.00056,0.54286,0.17647,v24_testis
ENST00000490605,57,8,679,0.00021,0.55125,0.2951,v24_testis
ENST00000434566,13,5,251,0.00153,0.41373,0.43825,v24_testis
ENST00000415142,7,3,106,0.00404,0.44205,0.48113,v24_testis
ENST00000289382,27,6,510,0.00044,0.5785,0.67745,v24_testis
ENST00000428343,31,9,473,0.00061,0.50344,0.6373,v24_testis
ENST00000258456,17,2,372,0.00032,0.6439,0.58199,v24_testis
ENST00000344213,13,3,279,0.00083,0.53901,0.55556,v24_testis
ENST00000283148,18,6,425,0.00078,0.6383,0.77608,v24_testis
ENST00000263339,12,6,271,0.00185,0.60486,0.50615,v24_testis
ENST00000353225,6,4,178,0.00375,0.5515,0.64888,v24_testis
ENST00000352179,7,4,197,0.0029,0.52719,0.68274,v24_testis
ENST00000311328,6,4,192,0.00347,0.58594,0.67448,v24_testis
ENST00000306507,20,1,408,0.00012,0.49632,0.7451,v24_testis
ENST00000393200,9,1,155,0.00072,0.57133,0.82581,v24_testis
ENST00000393166,15,6,228,0.00175,0.55936,0.57091,v24_testis
ENST00000415458,9,4,80,0.00556,0.37361,0.45938,v24_testis
ENST00000393256,16,5,198,0.00158,0.42866,0.2697,v24_testis
ENST00000433098,14,5,190,0.00188,0.56466,0.54421,v24_testis
ENST00000393103,1,1,88,0.01136,0.38636,0.38636,v24_testis
ENST00000335247,19,5,372,0.00071,0.5116,0.4871,v24_testis
ENST00000272645,10,3,142,0.00211,0.57958,0.49765,v24_testis
ENST00000312988,16,3,450,0.00042,0.40986,0.26963,v24_testis
ENST00000709789,16,3,450,0.00042,0.40986,0.26963,v24_testis
ENST00000709771,33,4,380,0.00032,0.50853,0.30724,v24_testis
ENST00000310463,33,4,380,0.00032,0.50853,0.30724,v24_testis
ENST00000281882,8,4,223,0.00224,0.36659,0.1491,v24_testis
ENST00000351659,36,5,506,0.00027,0.44829,0.52569,v24_testis
ENST00000458606,53,8,861,0.00018,0.54846,0.5604,v24_testis
ENST00000321253,16,2,450,0.00028,0.40986,0.36667,v24_testis
ENST00000295171,32,3,378,0.00025,0.50231,0.36155,v24_testis
ENST00000295181,8,3,251,0.00149,0.4258,0.45418,v24_testis
ENST00000409642,6,3,207,0.00242,0.562,0.64573,v24_testis
ENST00000409512,14,6,465,0.00092,0.51644,0.33942,v24_testis
ENST00000334166,7,3,171,0.00251,0.45029,0.48538,v24_testis
ENST00000616584,13,4,224,0.00137,0.45364,0.40513,v24_testis
ENST00000282074,13,4,224,0.00137,0.45364,0.40513,v24_testis
ENST00000295240,18,9,341,0.00147,0.57511,0.70121,v24_testis
ENST00000375363,17,9,355,0.00149,0.43496,0.41753,v24_testis
ENST00000622133,17,9,355,0.00149,0.43496,0.41753,v24_testis
ENST00000436483,8,4,319,0.00157,0.6489,0.73198,v24_testis
ENST00000617738,9,8,241,0.00369,0.63578,0.69502,v24_testis
ENST00000616524,9,8,241,0.00369,0.63578,0.69502,v24_testis
ENST00000616481,9,8,241,0.00369,0.63578,0.69502,v24_testis
ENST00000394967,10,0,484,0.0,0.4688,,v24_testis
ENST00000347703,18,3,371,0.00045,0.60797,0.81671,v24_testis
ENST00000306721,21,5,450,0.00053,0.60328,0.60533,v24_testis
ENST00000682840,10,4,109,0.00367,0.4734,0.33257,v24_testis
ENST00000396974,5,1,95,0.00211,0.50947,0.69474,v24_testis
ENST00000432031,14,6,302,0.00142,0.53926,0.65342,v24_testis
ENST00000644580,16,8,352,0.00142,0.4636,0.54403,v24_testis
ENST00000342506,3,1,100,0.00333,0.7,0.46,v24_testis
ENST00000409919,12,7,367,0.00159,0.47184,0.59128,v24_testis
ENST00000392238,37,9,589,0.00041,0.43312,0.56027,v24_testis
ENST00000261015,13,5,423,0.00091,0.40462,0.47234,v24_testis
ENST00000295854,9,3,174,0.00192,0.40549,0.24329,v24_testis
ENST00000272852,15,7,374,0.00125,0.49109,0.48701,v24_testis
ENST00000448007,12,4,218,0.00153,0.55772,0.68464,v24_testis
ENST00000272847,23,9,550,0.00071,0.4887,0.53313,v24_testis
ENST00000450366,21,9,399,0.00107,0.45172,0.38791,v24_testis
ENST00000236979,1,0,55,0.0,0.30909,,v24_testis
ENST00000295727,11,3,238,0.00115,0.36593,0.12185,v24_testis
ENST00000295759,24,6,654,0.00038,0.60487,0.52115,v24_testis
ENST00000243786,15,1,366,0.00018,0.46157,0.03552,v24_testis
ENST00000535926,38,5,613,0.00021,0.53173,0.62643,v24_testis
ENST00000404537,87,7,1896,4e-05,0.55047,0.52388,v24_testis
ENST00000304568,7,3,229,0.00187,0.61447,0.69141,v24_testis
ENST00000344493,25,7,403,0.00069,0.53876,0.7196,v24_testis
ENST00000258405,13,4,398,0.00077,0.51913,0.38945,v24_testis
ENST00000309931,12,5,415,0.001,0.45341,0.57301,v24_testis
ENST00000650999,14,3,319,0.00067,0.55105,0.11494,v24_testis
ENST00000409852,7,1,126,0.00113,0.45578,0.38889,v24_testis
ENST00000543200,17,3,502,0.00035,0.66897,0.31474,v24_testis
ENST00000625501,36,6,607,0.00027,0.38358,0.26332,v24_testis
ENST00000392017,36,6,607,0.00027,0.38358,0.26332,v24_testis
ENST00000392001,3,1,52,0.00641,0.16026,0.03846,v24_testis
ENST00000272930,3,2,185,0.0036,0.4,0.3946,v24_testis
ENST00000373327,35,9,691,0.00037,0.61671,0.47001,v24_testis
ENST00000361678,34,2,717,8e-05,0.51949,0.80962,v24_testis
ENST00000272972,39,3,941,8e-05,0.50552,0.59263,v24_testis
ENST00000649096,73,4,1690,3e-05,0.51204,0.13846,v24_testis
ENST00000430267,11,1,340,0.00027,0.52861,0.55,v24_testis
ENST00000234038,19,6,360,0.00088,0.45702,0.35694,v24_testis
ENST00000382376,6,3,95,0.00526,0.73158,0.8386,v24_testis
ENST00000404914,16,2,393,0.00032,0.51384,0.22647,v24_testis
ENST00000645534,11,2,469,0.00039,0.55204,0.45948,v24_testis
ENST00000400269,37,4,362,0.0003,0.48656,0.52762,v24_testis
ENST00000217260,16,0,234,0.0,0.52591,,v24_testis
ENST00000217244,24,5,391,0.00053,0.50661,0.59284,v24_testis
ENST00000333082,7,1,271,0.00053,0.42752,0.36162,v24_testis
ENST00000381623,8,4,197,0.00254,0.48668,0.36168,v24_testis
ENST00000381482,23,6,534,0.00049,0.50367,0.68414,v24_testis
ENST00000381458,30,8,693,0.00038,0.38879,0.42099,v24_testis
ENST00000344103,5,3,170,0.00353,0.51177,0.28628,v24_testis
ENST00000603872,10,4,165,0.00242,0.6097,0.66061,v24_testis
ENST00000380589,10,4,165,0.00242,0.6097,0.66061,v24_testis
ENST00000217386,5,0,125,0.0,0.6288,,v24_testis
ENST00000319242,13,1,299,0.00026,0.50039,0.82274,v24_testis
ENST00000380059,35,6,918,0.00019,0.49935,0.51543,v24_testis
ENST00000379756,24,3,236,0.00053,0.61829,0.67514,v24_testis
ENST00000305817,12,0,176,0.0,0.55019,,v24_testis
ENST00000621507,9,4,279,0.00159,0.41776,0.17294,v24_testis
ENST00000379143,9,4,261,0.0017,0.42018,0.61303,v24_testis
ENST00000379160,9,4,261,0.0017,0.42018,0.61303,v24_testis
ENST00000246024,16,5,349,0.0009,0.47887,0.60573,v24_testis
ENST00000378380,21,9,776,0.00055,0.50902,0.54854,v24_testis
ENST00000378392,21,9,776,0.00055,0.50902,0.54854,v24_testis
ENST00000217246,15,4,425,0.00063,0.64204,0.71706,v24_testis
ENST00000377805,4,2,90,0.00556,0.71944,0.6,v24_testis
ENST00000377671,45,6,653,0.0002,0.50972,0.2976,v24_testis
ENST00000310227,12,2,510,0.00033,0.68758,0.93334,v24_testis
ENST00000398602,5,2,166,0.00241,0.3747,0.07229,v24_testis
ENST00000377007,10,2,103,0.00194,0.50777,0.48544,v24_testis
ENST00000377009,13,2,138,0.00111,0.49052,0.48913,v24_testis
ENST00000278765,11,0,225,0.0,0.53172,,v24_testis
ENST00000335694,11,0,225,0.0,0.53172,,v24_testis
ENST00000262460,13,4,196,0.00157,0.50353,0.50382,v24_testis
ENST00000537502,18,2,568,0.0002,0.53795,0.23592,v24_testis
ENST00000444511,9,2,236,0.00094,0.61676,0.54661,v24_testis
ENST00000375978,13,0,330,0.0,0.32518,,v24_testis
ENST00000202017,9,2,133,0.00167,0.46616,0.4436,v24_testis
ENST00000535842,21,7,439,0.00076,0.57154,0.63065,v24_testis
ENST00000246229,26,9,496,0.0007,0.48891,0.60193,v24_testis
ENST00000486996,7,0,132,0.0,0.46212,,v24_testis
ENST00000398084,7,0,132,0.0,0.46212,,v24_testis
ENST00000339738,11,1,235,0.00039,0.4971,0.10213,v24_testis
ENST00000354932,15,4,249,0.00107,0.62999,0.54016,v24_testis
ENST00000621426,31,6,680,0.00028,0.52372,0.64853,v24_testis
ENST00000343380,24,5,437,0.00048,0.49056,0.51625,v24_testis
ENST00000375454,19,7,254,0.00145,0.4886,0.50169,v24_testis
ENST00000456297,34,8,694,0.00034,0.40583,0.39319,v24_testis
ENST00000443239,34,8,728,0.00032,0.42809,0.41569,v24_testis
ENST00000374954,3,1,132,0.00253,0.51515,0.45455,v24_testis
ENST00000677665,11,0,245,0.0,0.52133,,v24_testis
ENST00000217446,9,1,435,0.00026,0.49604,0.67356,v24_testis
ENST00000538132,14,1,404,0.00018,0.54614,0.58911,v24_testis
ENST00000374273,27,3,437,0.00025,0.59895,0.6804,v24_testis
ENST00000538900,25,6,423,0.00057,0.44189,0.52719,v24_testis
ENST00000349339,35,7,572,0.00035,0.48646,0.46079,v24_testis
ENST00000373913,52,5,989,0.0001,0.56942,0.69686,v24_testis
ENST00000359675,22,7,363,0.00088,0.54583,0.49587,v24_testis
ENST00000361383,30,8,563,0.00047,0.50485,0.33881,v24_testis
ENST00000642449,23,5,483,0.00045,0.51184,0.67288,v24_testis
ENST00000421643,37,9,563,0.00043,0.521,0.55042,v24_testis
ENST00000710293,37,9,573,0.00042,0.52889,0.55827,v24_testis
ENST00000611732,12,4,237,0.00141,0.65717,0.59599,v24_testis
ENST00000558530,7,3,155,0.00276,0.48203,0.53118,v24_testis
ENST00000217026,39,6,700,0.00022,0.46894,0.51405,v24_testis
ENST00000373003,9,2,148,0.0015,0.62012,0.90878,v24_testis
ENST00000373005,8,2,123,0.00203,0.65041,0.89024,v24_testis
ENST00000255174,17,5,292,0.00101,0.5691,0.42192,v24_testis
ENST00000255175,11,4,473,0.00077,0.56141,0.66332,v24_testis
ENST00000372813,13,4,309,0.001,0.55141,0.81472,v24_testis
ENST00000372851,16,2,269,0.00046,0.54484,0.42937,v24_testis
ENST00000541604,16,2,270,0.00046,0.5463,0.43148,v24_testis
ENST00000360607,33,7,540,0.00039,0.43277,0.35397,v24_testis
ENST00000537548,37,7,581,0.00033,0.43513,0.36932,v24_testis
ENST00000243938,7,4,231,0.00247,0.42795,0.47511,v24_testis
ENST00000372670,2,0,86,0.0,0.3779,,v24_testis
ENST00000504988,9,2,179,0.00124,0.46121,0.34916,v24_testis
ENST00000354280,7,2,133,0.00215,0.50161,0.46992,v24_testis
ENST00000357199,8,4,241,0.00207,0.46992,0.45021,v24_testis
ENST00000289953,8,4,241,0.00207,0.46992,0.45021,v24_testis
ENST00000372519,12,3,227,0.0011,0.43465,0.37592,v24_testis
ENST00000330523,6,0,73,0.0,0.35616,,v24_testis
ENST00000305479,6,2,93,0.00358,0.41936,0.72043,v24_testis
ENST00000543458,24,4,522,0.00032,0.47406,0.36973,v24_testis
ENST00000335046,9,2,161,0.00138,0.59351,0.39441,v24_testis
ENST00000356455,8,1,179,0.0007,0.581,0.19553,v24_testis
ENST00000372568,5,0,140,0.0,0.80428,,v24_testis
ENST00000543605,12,3,344,0.00073,0.65964,0.46221,v24_testis
ENST00000372726,16,2,290,0.00043,0.55086,0.63621,v24_testis
ENST00000244061,14,5,228,0.00157,0.47776,0.47719,v24_testis
ENST00000289431,19,3,520,0.0003,0.51569,0.60833,v24_testis
ENST00000371571,20,2,513,0.00019,0.47739,0.33528,v24_testis
ENST00000064571,6,2,201,0.00166,0.58706,0.30597,v24_testis
ENST00000371325,11,3,171,0.00159,0.45508,0.39571,v24_testis
ENST00000361387,30,6,645,0.00031,0.45773,0.47648,v24_testis
ENST00000371328,11,2,171,0.00106,0.40032,0.29532,v24_testis
ENST00000341698,15,2,370,0.00036,0.52685,0.97973,v24_testis
ENST00000371168,8,2,137,0.00182,0.49088,0.40146,v24_testis
ENST00000371263,12,7,396,0.00147,0.45707,0.45779,v24_testis
ENST00000652272,36,8,581,0.00038,0.45482,0.33004,v24_testis
ENST00000355957,26,9,308,0.00112,0.54208,0.68506,v24_testis
ENST00000279068,26,5,385,0.0005,0.46344,0.41351,v24_testis
ENST00000358293,24,8,383,0.00087,0.47161,0.52611,v24_testis
ENST00000614565,41,6,916,0.00016,0.44661,0.28675,v24_testis
ENST00000625686,22,3,566,0.00024,0.45069,0.04711,v24_testis
ENST00000252998,37,5,664,0.0002,0.46475,0.56054,v24_testis
ENST00000279101,20,2,478,0.00021,0.51119,0.56903,v24_testis
ENST00000252997,16,2,397,0.00031,0.46143,0.44458,v24_testis
ENST00000370487,6,1,204,0.00082,0.40932,0.54902,v24_testis
ENST00000253003,24,1,407,0.0001,0.60432,0.12039,v24_testis
ENST00000649368,35,5,684,0.00021,0.60798,0.62134,v24_testis
ENST00000358894,64,8,1284,0.0001,0.49538,0.40411,v24_testis
ENST00000370316,8,1,208,0.0006,0.46574,0.07692,v24_testis
ENST00000370263,19,2,627,0.00017,0.51851,0.40032,v24_testis
ENST00000370263,19,2,627,0.00017,0.51851,0.40032,v24_testis
ENST00000370263,19,2,627,0.00017,0.51851,0.40032,v24_testis
ENST00000370098,20,3,318,0.00047,0.4783,0.52306,v24_testis
ENST00000629518,1,1,19,0.05263,0.84211,0.84211,v24_testis
ENST00000360480,32,2,844,7e-05,0.54103,0.59953,v24_testis
ENST00000630648,1,1,19,0.05263,0.84211,0.84211,v24_testis
ENST00000344425,12,1,393,0.00021,0.67154,0.81425,v24_testis
ENST00000371075,14,3,245,0.00087,0.40408,0.33742,v24_testis
ENST00000343484,12,2,299,0.00056,0.60953,0.73578,v24_testis
ENST00000349451,10,4,370,0.00108,0.57757,0.47703,v24_testis
ENST00000308906,14,0,240,0.0,0.50357,,v24_testis
ENST00000346249,9,4,206,0.00216,0.51187,0.59466,v24_testis
ENST00000352957,12,6,338,0.00148,0.61662,0.607,v24_testis
ENST00000400127,14,4,232,0.00123,0.42518,0.3944,v24_testis
ENST00000299295,15,4,273,0.00098,0.48401,0.48535,v24_testis
ENST00000400087,8,3,108,0.00347,0.54282,0.33642,v24_testis
ENST00000399907,31,7,918,0.00025,0.53848,0.57454,v24_testis
ENST00000290130,8,3,233,0.00161,0.52629,0.77683,v24_testis
ENST00000300258,15,7,215,0.00217,0.44527,0.52757,v24_testis
ENST00000290155,21,6,290,0.00099,0.48243,0.61149,v24_testis
ENST00000479548,5,1,219,0.00091,0.45205,0.11872,v24_testis
ENST00000571812,5,1,219,0.00091,0.45205,0.11872,v24_testis
ENST00000574159,3,0,157,0.0,0.29087,,v24_testis
ENST00000575273,2,2,47,0.02128,0.87234,0.87234,v24_testis
ENST00000575273,2,2,47,0.02128,0.87234,0.87234,v24_testis
ENST00000290310,8,1,123,0.00102,0.40142,0.06504,v24_testis
ENST00000432085,6,2,129,0.00258,0.46253,0.531,v24_testis
ENST00000399208,15,5,307,0.00109,0.43757,0.49511,v24_testis
ENST00000380900,11,5,267,0.0017,0.51481,0.65468,v24_testis
ENST00000331573,15,9,288,0.00208,0.5162,0.58989,v24_testis
ENST00000398919,23,9,486,0.00081,0.44185,0.38889,v24_testis
ENST00000442448,22,9,462,0.00089,0.43556,0.386,v24_testis
ENST00000291560,21,4,334,0.00057,0.46236,0.49775,v24_testis
ENST00000323084,31,7,669,0.00034,0.50692,0.48131,v24_testis
ENST00000400308,22,8,345,0.00105,0.61871,0.59674,v24_testis
ENST00000625846,15,3,420,0.00048,0.32318,0.38016,v24_testis
ENST00000291670,10,1,541,0.00018,0.16913,0.05176,v24_testis
ENST00000291691,9,2,322,0.00069,0.22498,0.27484,v24_testis
ENST00000330205,5,0,186,0.0,0.41075,,v24_testis
ENST00000618495,5,0,186,0.0,0.41075,,v24_testis
ENST00000621926,14,1,340,0.00021,0.38046,0.08235,v24_testis
ENST00000291672,14,1,340,0.00021,0.38046,0.08235,v24_testis
ENST00000329319,11,2,167,0.00109,0.53675,0.44012,v24_testis
ENST00000399875,8,2,223,0.00112,0.58856,0.92825,v24_testis
ENST00000252137,27,4,476,0.00031,0.48203,0.62552,v24_testis
ENST00000399635,11,1,358,0.00025,0.54368,0.32961,v24_testis
ENST00000404724,29,4,520,0.00027,0.38375,0.21058,v24_testis
ENST00000437685,31,5,598,0.00027,0.40862,0.21706,v24_testis
ENST00000263201,31,5,566,0.00028,0.39889,0.21802,v24_testis
ENST00000331821,6,2,201,0.00166,0.44196,0.43035,v24_testis
ENST00000329705,12,0,398,0.0,0.61683,,v24_testis
ENST00000248879,33,5,220,0.00069,0.5011,0.46909,v24_testis
ENST00000612978,36,1,346,8e-05,0.42325,0.45087,v24_testis
ENST00000407755,32,8,740,0.00034,0.59312,0.57196,v24_testis
ENST00000252136,32,5,625,0.00025,0.4664,0.57728,v24_testis
ENST00000263207,36,4,962,0.00012,0.43832,0.47297,v24_testis
ENST00000361682,11,2,271,0.00067,0.42469,0.32472,v24_testis
ENST00000382932,21,6,635,0.00045,0.67589,0.76063,v24_testis
ENST00000407464,29,2,615,0.00011,0.43953,0.60732,v24_testis
ENST00000621561,34,1,300,0.0001,0.35696,0.36333,v24_testis
ENST00000292779,33,7,613,0.00035,0.48925,0.36868,v24_testis
ENST00000422086,7,0,85,0.0,0.57311,,v24_testis
ENST00000448514,11,0,218,0.0,0.53712,,v24_testis
ENST00000216036,19,4,348,0.0006,0.47459,0.83046,v24_testis
ENST00000339468,5,2,119,0.00336,0.35294,0.57984,v24_testis
ENST00000398822,14,4,360,0.00079,0.43373,0.5382,v24_testis
ENST00000317749,12,0,229,0.0,0.52002,,v24_testis
ENST00000402217,5,0,148,0.0,0.58379,,v24_testis
ENST00000330377,12,3,213,0.00117,0.49648,0.56651,v24_testis
ENST00000626503,31,9,509,0.00057,0.43609,0.40275,v24_testis
ENST00000405655,31,9,509,0.00057,0.43609,0.40275,v24_testis
ENST00000539862,31,9,509,0.00057,0.43609,0.40275,v24_testis
ENST00000405655,31,9,509,0.00057,0.43609,0.40275,v24_testis
ENST00000402697,31,9,509,0.00057,0.43609,0.40275,v24_testis
ENST00000628830,31,9,509,0.00057,0.43609,0.40275,v24_testis
ENST00000402697,31,9,509,0.00057,0.43609,0.40275,v24_testis
ENST00000628830,31,9,509,0.00057,0.43609,0.40275,v24_testis
ENST00000359540,67,8,1227,0.0001,0.47829,0.56775,v24_testis
ENST00000696046,4,0,121,0.0,0.5062,,v24_testis
ENST00000326010,15,3,384,0.00052,0.44167,0.27691,v24_testis
ENST00000631333,19,5,376,0.0007,0.50392,0.60585,v24_testis
ENST00000407422,19,5,376,0.0007,0.50392,0.60585,v24_testis
ENST00000527701,3,1,36,0.00926,0.44445,0.55556,v24_testis
ENST00000398110,14,5,377,0.00095,0.53543,0.57082,v24_testis
ENST00000249064,10,5,279,0.00179,0.45519,0.55555,v24_testis
ENST00000216071,21,6,290,0.00099,0.50493,0.57356,v24_testis
ENST00000529632,45,3,1011,7e-05,0.45284,0.4995,v24_testis
ENST00000310624,42,5,1020,0.00012,0.28191,0.32627,v24_testis
ENST00000354373,12,3,317,0.00079,0.44979,0.50473,v24_testis
ENST00000621062,30,3,681,0.00015,0.56094,0.62213,v24_testis
ENST00000336726,12,5,307,0.00136,0.53855,0.59023,v24_testis
ENST00000216144,10,1,215,0.00047,0.53488,0.40465,v24_testis
ENST00000357586,42,5,949,0.00013,0.58683,0.34057,v24_testis
ENST00000255858,31,3,406,0.00024,0.41403,0.5,v24_testis
ENST00000402592,15,2,320,0.00042,0.51625,0.7875,v24_testis
ENST00000332585,35,4,916,0.00012,0.4918,0.32506,v24_testis
ENST00000331457,11,4,367,0.00099,0.48625,0.58583,v24_testis
ENST00000612341,65,9,971,0.00014,0.51609,0.39913,v24_testis
ENST00000652607,17,4,378,0.00062,0.49051,0.62103,v24_testis
ENST00000397468,14,5,288,0.00124,0.44742,0.51458,v24_testis
ENST00000249007,15,6,317,0.00126,0.46772,0.47319,v24_testis
ENST00000249044,22,4,433,0.00042,0.58094,0.56351,v24_testis
ENST00000617827,22,4,433,0.00042,0.58094,0.56351,v24_testis
ENST00000249066,21,5,337,0.00071,0.55249,0.62077,v24_testis
ENST00000610913,13,0,418,0.0,0.70979,,v24_testis
ENST00000402918,26,1,820,5e-05,0.46731,0.74878,v24_testis
ENST00000381821,21,7,280,0.00119,0.44728,0.31735,v24_testis
ENST00000397110,12,1,278,0.0003,0.57524,0.43885,v24_testis
ENST00000404802,15,1,297,0.00022,0.38878,0.52525,v24_testis
ENST00000406772,33,0,566,0.0,0.58315,,v24_testis
ENST00000681075,6,0,504,0.0,0.4127,,v24_testis
ENST00000381669,24,4,529,0.00032,0.35003,0.42627,v24_testis
ENST00000403305,20,8,217,0.00184,0.51359,0.52362,v24_testis
ENST00000404072,17,2,415,0.00028,0.49993,0.14338,v24_testis
ENST00000404072,17,2,415,0.00028,0.49993,0.14338,v24_testis
ENST00000216024,18,8,340,0.00131,0.49199,0.3647,v24_testis
ENST00000535113,25,7,570,0.00049,0.53502,0.49248,v24_testis
ENST00000216068,2,0,105,0.0,0.14286,,v24_testis
ENST00000325157,8,6,607,0.00124,0.17484,0.16722,v24_testis
ENST00000333407,24,5,500,0.00042,0.4645,0.468,v24_testis
ENST00000331454,31,6,462,0.00042,0.46963,0.49026,v24_testis
ENST00000307221,6,4,309,0.00216,0.6343,0.70065,v24_testis
ENST00000360079,28,9,609,0.00053,0.43819,0.41726,v24_testis
ENST00000328823,14,8,309,0.00185,0.48266,0.43972,v24_testis
ENST00000215980,7,1,180,0.00079,0.48651,0.68889,v24_testis
ENST00000360835,52,6,988,0.00012,0.53449,0.33688,v24_testis
ENST00000216129,36,0,644,0.0,0.48331,,v24_testis
ENST00000266254,14,4,423,0.00068,0.52516,0.66548,v24_testis
ENST00000629843,42,9,489,0.00044,0.51183,0.38264,v24_testis
ENST00000614167,44,9,382,0.00054,0.58181,0.55381,v24_testis
ENST00000381061,17,5,411,0.00072,0.49163,0.48516,v24_testis
ENST00000404488,12,4,402,0.00083,0.45688,0.60945,v24_testis
ENST00000395876,11,1,377,0.00024,0.62262,0.29443,v24_testis
ENST00000402472,2,0,77,0.0,0.33116,,v24_testis
ENST00000395852,15,4,338,0.00079,0.53511,0.71376,v24_testis
ENST00000406915,3,0,88,0.0,0.75379,,v24_testis
ENST00000707314,21,5,421,0.00057,0.56283,0.47031,v24_testis
ENST00000216139,21,5,421,0.00057,0.56283,0.47031,v24_testis
ENST00000216124,22,4,509,0.00036,0.55474,0.63507,v24_testis
ENST00000395744,41,8,932,0.00021,0.36305,0.23967,v24_testis
ENST00000405237,39,6,772,0.0002,0.52322,0.40112,v24_testis
ENST00000312108,39,6,772,0.0002,0.52322,0.40112,v24_testis
ENST00000312108,39,6,772,0.0002,0.52322,0.40112,v24_testis
ENST00000395598,15,6,228,0.00175,0.55936,0.57091,v24_testis
ENST00000395593,15,6,238,0.00168,0.55546,0.56793,v24_testis
ENST00000544814,22,6,375,0.00073,0.52618,0.32844,v24_testis
ENST00000420394,18,4,302,0.00074,0.52024,0.30132,v24_testis
ENST00000341795,18,4,302,0.00074,0.52024,0.30132,v24_testis
ENST00000383820,27,9,343,0.00097,0.54832,0.62196,v24_testis
ENST00000352937,30,8,357,0.00075,0.47675,0.36275,v24_testis
ENST00000524279,11,5,177,0.00257,0.54905,0.68023,v24_testis
ENST00000254488,11,1,632,0.00014,0.47684,0.21519,v24_testis
ENST00000431010,20,4,487,0.00041,0.51478,0.70893,v24_testis
ENST00000170447,20,6,416,0.00072,0.51142,0.66186,v24_testis
ENST00000446450,21,3,623,0.00023,0.51502,0.23435,v24_testis
ENST00000354449,28,8,703,0.00041,0.54024,0.42016,v24_testis
ENST00000295989,54,7,1119,0.00012,0.52555,0.43649,v24_testis
ENST00000285018,15,5,349,0.00096,0.48118,0.27507,v24_testis
ENST00000306024,7,2,102,0.0028,0.23809,0.2696,v24_testis
ENST00000333083,16,9,376,0.0015,0.44016,0.45183,v24_testis
ENST00000396641,10,6,259,0.00232,0.55058,0.44144,v24_testis
ENST00000383768,13,7,356,0.00151,0.49698,0.3126,v24_testis
ENST00000420543,17,8,243,0.00194,0.60058,0.68467,v24_testis
ENST00000295770,25,7,826,0.00034,0.51506,0.62349,v24_testis
ENST00000413699,14,1,204,0.00035,0.40476,0.48039,v24_testis
ENST00000383763,56,7,868,0.00014,0.52724,0.6817,v24_testis
ENST00000707739,56,7,868,0.00014,0.52724,0.6817,v24_testis
ENST00000438237,31,7,700,0.00032,0.40069,0.37061,v24_testis
ENST00000416516,26,8,648,0.00047,0.57882,0.58083,v24_testis
ENST00000273173,24,3,594,0.00021,0.4448,0.74354,v24_testis
ENST00000383754,4,1,81,0.00309,0.41667,0.02469,v24_testis
ENST00000383748,6,2,128,0.0026,0.60938,0.76954,v24_testis
ENST00000341840,21,6,276,0.00104,0.45376,0.71981,v24_testis
ENST00000629459,21,6,276,0.00104,0.45376,0.71981,v24_testis
ENST00000296127,12,2,327,0.00051,0.52243,0.6055,v24_testis
ENST00000315170,23,4,385,0.00045,0.47916,0.74416,v24_testis
ENST00000264723,17,4,539,0.00044,0.54174,0.57514,v24_testis
ENST00000445061,61,8,1194,0.00011,0.48042,0.49246,v24_testis
ENST00000619982,57,7,1155,0.00011,0.49645,0.54595,v24_testis
ENST00000652295,7,1,170,0.00084,0.44538,0.52941,v24_testis
ENST00000232375,23,6,469,0.00056,0.54223,0.59346,v24_testis
ENST00000351231,15,4,484,0.00055,0.37452,0.49484,v24_testis
ENST00000302506,18,5,524,0.00053,0.37659,0.47748,v24_testis
ENST00000328631,25,7,426,0.00066,0.52704,0.45137,v24_testis
ENST00000313778,18,9,376,0.00133,0.47074,0.54787,v24_testis
ENST00000395458,10,2,127,0.00157,0.62756,0.7874,v24_testis
ENST00000451378,10,2,127,0.00157,0.62756,0.7874,v24_testis
ENST00000326925,16,4,184,0.00136,0.53227,0.55842,v24_testis
ENST00000613416,22,7,441,0.00072,0.47815,0.46162,v24_testis
ENST00000232461,15,0,350,0.0,0.40591,,v24_testis
ENST00000231749,33,3,440,0.00021,0.5635,0.50379,v24_testis
ENST00000469139,31,6,895,0.00022,0.50607,0.38585,v24_testis
ENST00000452060,31,6,895,0.00022,0.50607,0.38585,v24_testis
ENST00000435508,31,6,895,0.00022,0.50607,0.38585,v24_testis
ENST00000428779,31,6,895,0.00022,0.50607,0.38585,v24_testis
ENST00000451956,14,3,318,0.00067,0.36433,0.44864,v24_testis
ENST00000513170,8,1,138,0.00091,0.43659,0.68116,v24_testis
ENST00000450982,25,7,387,0.00072,0.45922,0.41454,v24_testis
ENST00000415204,9,1,168,0.00066,0.4332,0.7381,v24_testis
ENST00000336307,26,7,417,0.00065,0.44872,0.395,v24_testis
ENST00000395052,29,4,872,0.00016,0.50154,0.51204,v24_testis
ENST00000614067,4,0,239,0.0,0.47071,,v24_testis
ENST00000457573,6,0,313,0.0,0.50746,,v24_testis
ENST00000341333,6,0,313,0.0,0.50746,,v24_testis
ENST00000394970,16,3,359,0.00052,0.57643,0.73166,v24_testis
ENST00000296484,22,4,407,0.00045,0.63547,0.71376,v24_testis
ENST00000474012,20,4,369,0.00054,0.66125,0.68428,v24_testis
ENST00000460680,32,9,729,0.00039,0.51685,0.36915,v24_testis
ENST00000307076,28,4,520,0.00027,0.53042,0.53894,v24_testis
ENST00000295934,10,6,185,0.00324,0.54378,0.53874,v24_testis
ENST00000334325,12,5,190,0.00219,0.50263,0.50526,v24_testis
ENST00000485460,12,5,341,0.00122,0.42424,0.57713,v24_testis
ENST00000295901,15,5,389,0.00086,0.61714,0.68997,v24_testis
ENST00000295569,7,4,140,0.00408,0.48163,0.60893,v24_testis
ENST00000353065,3,0,108,0.0,0.75309,,v24_testis
ENST00000295619,4,0,129,0.0,0.71124,,v24_testis
ENST00000318779,11,3,114,0.00239,0.49362,0.67836,v24_testis
ENST00000502694,12,5,334,0.00125,0.46831,0.12455,v24_testis
ENST00000383693,7,1,178,0.0008,0.41734,0.16292,v24_testis
ENST00000394180,8,2,253,0.00099,0.48567,0.52174,v24_testis
ENST00000306176,17,4,431,0.00055,0.53282,0.36543,v24_testis
ENST00000335658,16,7,304,0.00144,0.45312,0.39709,v24_testis
ENST00000435737,7,1,129,0.00111,0.35991,0.10853,v24_testis
ENST00000283290,12,5,314,0.00133,0.51619,0.52675,v24_testis
ENST00000398214,11,5,271,0.00168,0.4314,0.32103,v24_testis
ENST00000488794,11,5,250,0.00182,0.38364,0.264,v24_testis
ENST00000383678,13,5,284,0.00135,0.50542,0.83732,v24_testis
ENST00000330212,18,7,409,0.00095,0.52676,0.38561,v24_testis
ENST00000425327,24,8,430,0.00078,0.45523,0.37965,v24_testis
ENST00000676079,54,9,741,0.00022,0.51782,0.53906,v24_testis
ENST00000471418,52,8,668,0.00023,0.48624,0.55932,v24_testis
ENST00000357258,52,8,668,0.00023,0.48624,0.55932,v24_testis
ENST00000283875,15,6,439,0.00091,0.60364,0.57897,v24_testis
ENST00000334384,27,8,315,0.00094,0.5177,0.55833,v24_testis
ENST00000344209,32,5,546,0.00029,0.44099,0.58645,v24_testis
ENST00000492595,18,6,307,0.00109,0.55031,0.39142,v24_testis
ENST00000184183,11,4,212,0.00172,0.46355,0.56132,v24_testis
ENST00000251776,11,3,212,0.00129,0.43997,0.41981,v24_testis
ENST00000319340,10,3,341,0.00088,0.39443,0.34702,v24_testis
ENST00000290913,14,2,235,0.00061,0.5541,0.31064,v24_testis
ENST00000265056,42,7,904,0.00018,0.55813,0.64396,v24_testis
ENST00000383598,23,6,461,0.00057,0.44318,0.41287,v24_testis
ENST00000322623,24,5,456,0.00046,0.52494,0.54605,v24_testis
ENST00000265068,19,6,409,0.00077,0.63248,0.60554,v24_testis
ENST00000265052,10,3,313,0.00096,0.45846,0.45687,v24_testis
ENST00000505956,41,7,572,0.0003,0.43698,0.41034,v24_testis
ENST00000383463,23,6,354,0.00074,0.50037,0.55367,v24_testis
ENST00000302649,22,5,242,0.00094,0.47051,0.45372,v24_testis
ENST00000393307,10,1,212,0.00047,0.40236,0.68868,v24_testis
ENST00000393305,10,1,212,0.00047,0.40236,0.68868,v24_testis
ENST00000249887,14,7,350,0.00143,0.49776,0.49225,v24_testis
ENST00000183605,9,2,261,0.00085,0.37037,0.79694,v24_testis
ENST00000383163,11,1,266,0.00034,0.50513,0.06391,v24_testis
ENST00000413199,11,1,262,0.00035,0.47953,0.06489,v24_testis
ENST00000310546,15,1,273,0.00024,0.54994,0.96337,v24_testis
ENST00000614350,7,1,132,0.00108,0.57576,0.76515,v24_testis
ENST00000393010,20,5,480,0.00052,0.49125,0.47542,v24_testis
ENST00000340634,9,0,377,0.0,0.60861,,v24_testis
ENST00000477012,2,0,108,0.0,0.7176,,v24_testis
ENST00000570799,20,9,401,0.00112,0.52531,0.56414,v24_testis
ENST00000356517,20,9,401,0.00112,0.52531,0.56414,v24_testis
ENST00000328863,10,3,245,0.00122,0.46408,0.52245,v24_testis
ENST00000465804,41,9,400,0.00055,0.475,0.62444,v24_testis
ENST00000496455,26,9,693,0.0005,0.51077,0.41494,v24_testis
ENST00000491763,12,8,132,0.00505,0.64204,0.6856,v24_testis
ENST00000441443,22,7,331,0.00096,0.5515,0.62969,v24_testis
ENST00000355893,17,6,268,0.00132,0.49166,0.52736,v24_testis
ENST00000359117,16,6,243,0.00154,0.46759,0.47874,v24_testis
ENST00000484955,16,6,243,0.00154,0.46759,0.47874,v24_testis
ENST00000494677,10,3,213,0.00141,0.35587,0.20188,v24_testis
ENST00000320474,11,4,331,0.0011,0.48586,0.43807,v24_testis
ENST00000330368,18,2,372,0.0003,0.42921,0.23253,v24_testis
ENST00000340806,26,9,560,0.00062,0.46463,0.49246,v24_testis
ENST00000064724,5,0,207,0.0,0.47826,,v24_testis
ENST00000476781,15,4,250,0.00107,0.50187,0.428,v24_testis
ENST00000611971,2,1,135,0.0037,0.51112,0.6963,v24_testis
ENST00000468741,26,8,434,0.00071,0.52251,0.45017,v24_testis
ENST00000334128,12,1,279,0.0003,0.60275,0.16487,v24_testis
ENST00000428798,19,5,404,0.00065,0.54026,0.25446,v24_testis
ENST00000479269,6,4,91,0.00733,0.41941,0.31318,v24_testis
ENST00000404464,50,8,765,0.00021,0.49477,0.47108,v24_testis
ENST00000647395,21,6,353,0.00081,0.51018,0.5118,v24_testis
ENST00000296277,5,2,51,0.00784,0.37255,0.42157,v24_testis
ENST00000345063,12,4,275,0.00121,0.33545,0.31909,v24_testis
ENST00000392452,22,6,491,0.00056,0.55036,0.61405,v24_testis
ENST00000264735,6,3,168,0.00298,0.63095,0.58929,v24_testis
ENST00000340524,7,2,119,0.0024,0.5042,0.45798,v24_testis
ENST00000296326,10,4,309,0.00129,0.60259,0.54531,v24_testis
ENST00000296327,13,5,340,0.00113,0.60249,0.59647,v24_testis
ENST00000409690,15,8,163,0.00327,0.50266,0.55905,v24_testis
ENST00000325318,6,2,142,0.00235,0.48944,0.58451,v24_testis
ENST00000442633,5,2,209,0.00191,0.52823,0.64115,v24_testis
ENST00000273695,5,2,209,0.00191,0.52823,0.64115,v24_testis
ENST00000273695,5,2,209,0.00191,0.52823,0.64115,v24_testis
ENST00000419098,17,9,585,0.0009,0.31413,0.4623,v24_testis
ENST00000496514,36,7,854,0.00023,0.50332,0.53931,v24_testis
ENST00000489418,14,5,270,0.00132,0.55503,0.58296,v24_testis
ENST00000382968,14,7,232,0.00216,0.57512,0.60345,v24_testis
ENST00000472884,15,4,398,0.00067,0.38677,0.41269,v24_testis
ENST00000635017,70,8,646,0.00018,0.55394,0.6457,v24_testis
ENST00000409860,4,0,95,0.0,0.63421,,v24_testis
ENST00000440486,29,3,806,0.00013,0.44374,0.37634,v24_testis
ENST00000506706,6,2,190,0.00175,0.38158,0.07894,v24_testis
ENST00000511747,15,1,618,0.00011,0.55696,0.79612,v24_testis
ENST00000438480,16,0,278,0.0,0.69245,,v24_testis
ENST00000382774,19,1,655,8e-05,0.44701,0.34504,v24_testis
ENST00000504933,23,9,532,0.00074,0.47818,0.45969,v24_testis
ENST00000398052,23,9,578,0.00068,0.44358,0.42311,v24_testis
ENST00000282908,22,4,414,0.00044,0.54546,0.49034,v24_testis
ENST00000340083,17,3,504,0.00035,0.5468,0.63228,v24_testis
ENST00000621129,8,1,185,0.00068,0.49459,0.18378,v24_testis
ENST00000306200,22,8,335,0.00109,0.53949,0.61306,v24_testis
ENST00000319098,31,4,521,0.00025,0.48257,0.34117,v24_testis
ENST00000673238,17,2,348,0.00034,0.49256,0.19253,v24_testis
ENST00000400677,17,2,348,0.00034,0.49256,0.19253,v24_testis
ENST00000310085,46,4,555,0.00016,0.54743,0.78694,v24_testis
ENST00000315782,19,1,641,8e-05,0.44979,0.08424,v24_testis
ENST00000360986,19,1,652,8e-05,0.45907,0.09969,v24_testis
ENST00000511441,7,2,110,0.0026,0.57403,0.63182,v24_testis
ENST00000360916,9,7,221,0.00352,0.26496,0.29218,v24_testis
ENST00000504686,6,4,191,0.00349,0.47208,0.47644,v24_testis
ENST00000340169,12,6,322,0.00155,0.603,0.5999,v24_testis
ENST00000333141,24,1,396,0.00011,0.46181,0.51768,v24_testis
ENST00000504360,35,9,437,0.00059,0.51494,0.61861,v24_testis
ENST00000502841,13,4,210,0.00147,0.56923,0.64524,v24_testis
ENST00000263921,3,0,165,0.0,0.59192,,v24_testis
ENST00000306888,24,6,632,0.0004,0.43335,0.43117,v24_testis
ENST00000264229,19,7,1233,0.0003,0.10697,0.06523,v24_testis
ENST00000360096,6,3,123,0.00407,0.66531,0.60976,v24_testis
ENST00000248701,3,2,84,0.00794,0.55159,0.35714,v24_testis
ENST00000554144,4,0,112,0.0,0.63393,,v24_testis
ENST00000507763,16,7,176,0.00249,0.62251,0.54302,v24_testis
ENST00000456088,15,5,377,0.00088,0.5664,0.71353,v24_testis
ENST00000358749,21,5,420,0.00057,0.63129,0.67571,v24_testis
ENST00000311623,7,2,130,0.0022,0.5044,0.21923,v24_testis
ENST00000435974,10,4,176,0.00227,0.56307,0.60369,v24_testis
ENST00000341029,24,8,367,0.00091,0.46231,0.58174,v24_testis
ENST00000512733,15,5,311,0.00107,0.56013,0.61736,v24_testis
ENST00000508675,15,8,250,0.00213,0.40667,0.421,v24_testis
ENST00000295886,12,4,367,0.00091,0.58424,0.68324,v24_testis
ENST00000295898,4,3,117,0.00641,0.57265,0.60399,v24_testis
ENST00000440591,10,3,284,0.00106,0.47852,0.56925,v24_testis
ENST00000295266,14,6,388,0.0011,0.46484,0.39605,v24_testis
ENST00000394961,2,1,70,0.00714,0.37857,0.35714,v24_testis
ENST00000515059,21,9,502,0.00085,0.48719,0.36476,v24_testis
ENST00000450253,9,4,217,0.00205,0.44444,0.43779,v24_testis
ENST00000505992,12,7,248,0.00235,0.45901,0.50576,v24_testis
ENST00000394789,18,8,475,0.00094,0.54667,0.435,v24_testis
ENST00000296422,17,7,515,0.0008,0.48669,0.33481,v24_testis
ENST00000265154,10,5,219,0.00228,0.53516,0.45936,v24_testis
ENST00000394686,13,6,365,0.00126,0.55469,0.63653,v24_testis
ENST00000338145,5,4,147,0.00544,0.44898,0.5051,v24_testis
ENST00000309703,15,6,269,0.00149,0.44411,0.58674,v24_testis
ENST00000296509,12,6,205,0.00244,0.37967,0.49512,v24_testis
ENST00000611104,8,5,153,0.00408,0.46324,0.40784,v24_testis
ENST00000243498,21,8,439,0.00087,0.5007,0.54015,v24_testis
ENST00000281154,18,5,315,0.00088,0.48836,0.50857,v24_testis
ENST00000398955,4,3,240,0.00312,0.65104,0.77083,v24_testis
ENST00000325617,8,4,610,0.00082,0.27315,0.32254,v24_testis
ENST00000414773,17,8,610,0.00077,0.56769,0.55655,v24_testis
ENST00000358556,12,3,318,0.00079,0.57704,0.44445,v24_testis
ENST00000651419,15,5,427,0.00078,0.57221,0.44965,v24_testis
ENST00000304337,17,8,512,0.00092,0.51367,0.60303,v24_testis
ENST00000240488,12,6,205,0.00244,0.52968,0.40976,v24_testis
ENST00000336356,5,1,230,0.00087,0.54957,0.83043,v24_testis
ENST00000329476,13,5,381,0.00101,0.45185,0.25564,v24_testis
ENST00000379205,4,1,113,0.00221,0.43142,0.69912,v24_testis
ENST00000338566,10,9,445,0.00202,0.44764,0.40674,v24_testis
ENST00000329314,9,2,209,0.00106,0.43966,0.5,v24_testis
ENST00000506823,22,6,601,0.00045,0.48616,0.48974,v24_testis
ENST00000340217,24,8,449,0.00074,0.64003,0.61303,v24_testis
ENST00000280191,13,5,305,0.00126,0.4464,0.32524,v24_testis
ENST00000457424,14,9,399,0.00161,0.4232,0.44528,v24_testis
ENST00000302327,26,9,280,0.00124,0.33489,0.42897,v24_testis
ENST00000296741,9,1,440,0.00025,0.49773,0.19773,v24_testis
ENST00000264595,12,4,346,0.00096,0.5631,0.68425,v24_testis
ENST00000328559,19,9,347,0.00137,0.43956,0.49472,v24_testis
ENST00000378850,8,6,309,0.00243,0.26699,0.26807,v24_testis
ENST00000625371,6,2,170,0.00196,0.5402,0.3,v24_testis
ENST00000334602,52,5,1069,9e-05,0.52353,0.57493,v24_testis
ENST00000310581,55,6,1132,0.0001,0.52273,0.59718,v24_testis
ENST00000505059,4,1,103,0.00243,0.62379,0.98058,v24_testis
ENST00000166345,21,6,432,0.00066,0.56504,0.46528,v24_testis
ENST00000399810,6,3,147,0.0034,0.54535,0.59637,v24_testis
ENST00000274134,9,3,230,0.00145,0.24976,0.28986,v24_testis
ENST00000274134,9,3,230,0.00145,0.24976,0.28986,v24_testis
ENST00000332432,21,6,402,0.00071,0.50308,0.69362,v24_testis
ENST00000505624,25,7,361,0.00078,0.47823,0.4539,v24_testis
ENST00000631255,6,2,234,0.00142,0.59687,0.60043,v24_testis
ENST00000296589,15,6,530,0.00075,0.55723,0.58082,v24_testis
ENST00000625798,9,4,252,0.00176,0.459,0.32242,v24_testis
ENST00000651391,8,1,208,0.0006,0.33534,0.75,v24_testis
ENST00000397367,8,1,208,0.0006,0.33534,0.75,v24_testis
ENST00000382085,15,6,394,0.00102,0.50795,0.63029,v24_testis
ENST00000382079,15,5,284,0.00117,0.46244,0.5493,v24_testis
ENST00000336740,31,9,775,0.00037,0.46214,0.35828,v24_testis
ENST00000230658,26,9,349,0.00099,0.61693,0.58325,v24_testis
ENST00000513312,19,4,385,0.00055,0.50226,0.61688,v24_testis
ENST00000282572,21,4,350,0.00054,0.46327,0.53286,v24_testis
ENST00000396947,12,1,317,0.00026,0.35173,0.11041,v24_testis
ENST00000396865,15,8,561,0.00095,0.54831,0.49955,v24_testis
ENST00000652347,31,7,764,0.0003,0.4734,0.59779,v24_testis
ENST00000359040,28,6,681,0.00031,0.47577,0.60548,v24_testis
ENST00000490985,27,7,622,0.00042,0.43164,0.50597,v24_testis
ENST00000296597,11,6,169,0.00323,0.53362,0.61242,v24_testis
ENST00000628593,18,9,271,0.00185,0.47786,0.55637,v24_testis
ENST00000296777,7,0,116,0.0,0.51478,,v24_testis
ENST00000317633,9,2,62,0.00358,0.46416,0.31452,v24_testis
ENST00000627372,9,2,62,0.00358,0.46416,0.31452,v24_testis
ENST00000611616,9,2,62,0.00358,0.46416,0.31452,v24_testis
ENST00000621283,9,2,62,0.00358,0.46416,0.31452,v24_testis
ENST00000380751,9,2,62,0.00358,0.46416,0.31452,v24_testis
ENST00000380743,11,6,294,0.00186,0.45455,0.59637,v24_testis
ENST00000627341,11,6,294,0.00186,0.45455,0.59637,v24_testis
ENST00000620269,9,4,169,0.00263,0.54767,0.78698,v24_testis
ENST00000380818,9,4,169,0.00263,0.54767,0.78698,v24_testis
ENST00000615637,10,1,465,0.00022,0.62645,0.83441,v24_testis
ENST00000380742,11,6,262,0.00208,0.48786,0.6285,v24_testis
ENST00000614773,11,6,262,0.00208,0.48786,0.6285,v24_testis
ENST00000427854,19,8,513,0.00082,0.54222,0.50658,v24_testis
ENST00000282185,14,8,220,0.0026,0.5263,0.47898,v24_testis
ENST00000396027,17,9,334,0.00159,0.6069,0.62276,v24_testis
ENST00000282268,17,9,334,0.00159,0.6069,0.62276,v24_testis
ENST00000283122,5,2,167,0.0024,0.56168,0.15569,v24_testis
ENST00000651687,4,3,223,0.00336,0.58072,0.48729,v24_testis
ENST00000256897,11,7,323,0.00197,0.48776,0.4759,v24_testis
ENST00000274432,15,4,254,0.00105,0.50236,0.31004,v24_testis
ENST00000380005,5,1,210,0.00095,0.49905,0.28571,v24_testis
ENST00000311364,4,1,157,0.00159,0.46656,0.04459,v24_testis
ENST00000458310,5,1,210,0.00095,0.49905,0.28571,v24_testis
ENST00000407610,13,6,271,0.0017,0.42123,0.43112,v24_testis
ENST00000606183,21,1,328,0.00015,0.56736,0.6311,v24_testis
ENST00000282356,20,9,473,0.00095,0.64175,0.58445,v24_testis
ENST00000420978,11,8,159,0.00457,0.70497,0.7838,v24_testis
ENST00000344895,10,8,159,0.00503,0.77233,0.7838,v24_testis
ENST00000379618,3,1,60,0.00556,0.58889,0.53333,v24_testis
ENST00000379617,3,0,61,0.0,0.59563,,v24_testis
ENST00000419114,1,1,68,0.01471,0.17647,0.17647,v24_testis
ENST00000419114,1,1,68,0.01471,0.17647,0.17647,v24_testis
ENST00000379671,1,1,68,0.01471,0.17647,0.17647,v24_testis
ENST00000455559,1,1,68,0.01471,0.17647,0.17647,v24_testis
ENST00000408903,30,5,1019,0.00016,0.2246,0.23081,v24_testis
ENST00000390666,18,3,367,0.00045,0.64184,0.90736,v24_testis
ENST00000335286,25,6,329,0.00073,0.38298,0.34043,v24_testis
ENST00000296662,8,3,115,0.00326,0.62717,0.48406,v24_testis
ENST00000379018,8,3,246,0.00152,0.52541,0.40651,v24_testis
ENST00000324170,5,3,170,0.00353,0.21647,0.19804,v24_testis
ENST00000378560,20,2,268,0.00037,0.48582,0.32649,v24_testis
ENST00000282611,21,4,398,0.00048,0.60708,0.51256,v24_testis
ENST00000265191,6,4,212,0.00314,0.36478,0.27594,v24_testis
ENST00000274721,19,2,400,0.00026,0.52289,0.58625,v24_testis
ENST00000323760,25,9,473,0.00076,0.63036,0.47522,v24_testis
ENST00000434981,26,6,392,0.00059,0.48754,0.51233,v24_testis
ENST00000450845,22,6,205,0.00133,0.61463,0.48455,v24_testis
ENST00000398733,6,4,147,0.00454,0.47506,0.5051,v24_testis
ENST00000698321,5,3,118,0.00508,0.4322,0.53955,v24_testis
ENST00000265192,7,2,127,0.00225,0.59055,0.49606,v24_testis
ENST00000510080,7,2,127,0.00225,0.59055,0.49606,v24_testis
ENST00000289422,39,8,858,0.00024,0.39421,0.32401,v24_testis
ENST00000542735,25,3,353,0.00034,0.53179,0.61757,v24_testis
ENST00000417647,26,3,557,0.00021,0.49137,0.23998,v24_testis
ENST00000708339,41,9,798,0.00028,0.45553,0.31969,v24_testis
ENST00000194155,41,9,798,0.00028,0.45553,0.31969,v24_testis
ENST00000252102,6,2,99,0.00337,0.4697,0.5505,v24_testis
ENST00000359120,41,9,729,0.0003,0.53083,0.63451,v24_testis
ENST00000311450,5,1,177,0.00113,0.62938,0.73446,v24_testis
ENST00000508545,12,3,432,0.00058,0.36111,0.21759,v24_testis
ENST00000621437,4,2,80,0.00625,0.41875,0.30625,v24_testis
ENST00000708287,25,7,686,0.00041,0.57988,0.52353,v24_testis
ENST00000394633,25,7,686,0.00041,0.57988,0.52353,v24_testis
ENST00000708305,35,8,937,0.00024,0.55606,0.57951,v24_testis
ENST00000525929,35,8,937,0.00024,0.55606,0.57951,v24_testis
ENST00000708307,37,9,950,0.00026,0.55201,0.60363,v24_testis
ENST00000531613,37,9,950,0.00026,0.55201,0.60363,v24_testis
ENST00000708308,32,7,842,0.00026,0.53069,0.41381,v24_testis
ENST00000378122,32,7,842,0.00026,0.53069,0.41381,v24_testis
ENST00000708309,37,9,950,0.00026,0.53562,0.48281,v24_testis
ENST00000532602,37,9,950,0.00026,0.53562,0.48281,v24_testis
ENST00000261796,9,0,180,0.0,0.47778,,v24_testis
ENST00000522154,7,1,181,0.00079,0.67088,0.66851,v24_testis
ENST00000297130,11,0,251,0.0,0.44477,,v24_testis
ENST00000517768,11,0,251,0.0,0.44477,,v24_testis
ENST00000377713,22,6,511,0.00053,0.47714,0.32616,v24_testis
ENST00000255262,20,7,415,0.00084,0.57542,0.74286,v24_testis
ENST00000351797,21,7,505,0.00066,0.57209,0.45742,v24_testis
ENST00000440364,12,0,142,0.0,0.58333,,v24_testis
ENST00000407087,11,4,350,0.00104,0.58234,0.46,v24_testis
ENST00000393977,21,2,435,0.00022,0.58281,0.76781,v24_testis
ENST00000652664,9,1,285,0.00039,0.56062,0.11228,v24_testis
ENST00000352433,6,4,202,0.0033,0.55858,0.4505,v24_testis
ENST00000393980,11,3,177,0.00154,0.45146,0.33145,v24_testis
ENST00000593851,1,0,81,0.0,0.41975,,v24_testis
ENST00000377360,13,4,225,0.00137,0.52786,0.69666,v24_testis
ENST00000328939,15,5,216,0.00154,0.45093,0.56018,v24_testis
ENST00000393792,10,6,234,0.00256,0.55513,0.57977,v24_testis
ENST00000265100,10,2,145,0.00138,0.57311,0.65518,v24_testis
ENST00000340147,13,6,176,0.00262,0.39117,0.34754,v24_testis
ENST00000239243,10,2,267,0.00075,0.64045,0.61048,v24_testis
ENST00000521848,7,2,151,0.00189,0.53453,0.51656,v24_testis
ENST00000265097,7,1,351,0.00041,0.41026,0.8661,v24_testis
ENST00000393745,10,0,134,0.0,0.42239,,v24_testis
ENST00000310418,18,3,229,0.00073,0.53639,0.50509,v24_testis
ENST00000697117,16,4,310,0.00081,0.4744,0.37178,v24_testis
ENST00000313386,31,4,393,0.00033,0.42059,0.30089,v24_testis
ENST00000292385,44,7,651,0.00024,0.4601,0.58811,v24_testis
ENST00000517717,37,3,877,9e-05,0.50618,0.63056,v24_testis
ENST00000376974,18,1,242,0.00023,0.56818,0.13223,v24_testis
ENST00000639980,18,1,242,0.00023,0.56818,0.13223,v24_testis
ENST00000361132,24,5,466,0.00045,0.42865,0.3206,v24_testis
ENST00000231229,20,7,347,0.00101,0.37493,0.41416,v24_testis
ENST00000533815,14,4,316,0.0009,0.48395,0.46044,v24_testis
ENST00000422067,17,2,303,0.00039,0.36672,0.17162,v24_testis
ENST00000344450,8,4,184,0.00272,0.63383,0.49049,v24_testis
ENST00000380907,13,5,278,0.00138,0.67626,0.89065,v24_testis
ENST00000696871,29,7,450,0.00054,0.54904,0.83397,v24_testis
ENST00000380051,12,7,363,0.00161,0.61616,0.66155,v24_testis
ENST00000464010,5,3,96,0.00625,0.55417,0.44097,v24_testis
ENST00000496241,5,3,140,0.00429,0.34428,0.29286,v24_testis
ENST00000265012,16,6,402,0.00093,0.49953,0.71517,v24_testis
ENST00000644492,16,6,402,0.00093,0.49953,0.71517,v24_testis
ENST00000647114,3,0,65,0.0,0.46154,,v24_testis
ENST00000379586,3,0,65,0.0,0.46154,,v24_testis
ENST00000642282,12,3,152,0.00164,0.33114,0.16667,v24_testis
ENST00000259983,12,3,152,0.00164,0.33114,0.16667,v24_testis
ENST00000354666,14,8,296,0.00193,0.59894,0.61909,v24_testis
ENST00000429723,8,5,139,0.0045,0.34892,0.33957,v24_testis
ENST00000359782,16,0,292,0.0,0.33455,,v24_testis
ENST00000537663,8,5,247,0.00253,0.34109,0.22753,v24_testis
ENST00000425446,18,5,178,0.00156,0.65106,0.46405,v24_testis
ENST00000306482,14,1,227,0.00031,0.47483,0.44493,v24_testis
ENST00000306482,14,1,227,0.00031,0.47483,0.44493,v24_testis
ENST00000613854,8,2,136,0.00184,0.48346,0.27206,v24_testis
ENST00000537591,2,1,117,0.00427,0.82052,0.91453,v24_testis
ENST00000356509,8,6,209,0.00359,0.39773,0.46013,v24_testis
ENST00000230056,8,6,209,0.00359,0.39773,0.46013,v24_testis
ENST00000709949,16,2,526,0.00024,0.43203,0.46103,v24_testis
ENST00000684113,16,2,526,0.00024,0.43203,0.46103,v24_testis
ENST00000359193,6,2,130,0.00256,0.46026,0.83077,v24_testis
ENST00000461397,25,4,334,0.00048,0.45749,0.56662,v24_testis
ENST00000343684,16,3,402,0.00047,0.57323,0.49254,v24_testis
ENST00000412168,11,2,221,0.00082,0.39737,0.33484,v24_testis
ENST00000550775,11,2,221,0.00082,0.39737,0.33484,v24_testis
ENST00000359539,10,0,213,0.0,0.57183,,v24_testis
ENST00000453271,10,0,213,0.0,0.57183,,v24_testis
ENST00000396701,10,0,213,0.0,0.57183,,v24_testis
ENST00000440561,10,0,213,0.0,0.57183,,v24_testis
ENST00000442244,10,0,213,0.0,0.57183,,v24_testis
ENST00000434177,10,0,213,0.0,0.57183,,v24_testis
ENST00000420045,10,0,213,0.0,0.57183,,v24_testis
ENST00000400671,10,0,213,0.0,0.57183,,v24_testis
ENST00000422484,24,8,248,0.00134,0.52537,0.57056,v24_testis
ENST00000416027,6,3,136,0.00368,0.63358,0.63235,v24_testis
ENST00000422316,6,3,136,0.00368,0.63358,0.63235,v24_testis
ENST00000458589,6,3,136,0.00368,0.63358,0.63235,v24_testis
ENST00000383530,6,3,136,0.00368,0.63358,0.63235,v24_testis
ENST00000259845,6,3,136,0.00368,0.63358,0.63235,v24_testis
ENST00000413924,6,3,136,0.00368,0.63358,0.63235,v24_testis
ENST00000455632,14,3,297,0.00072,0.50289,0.61953,v24_testis
ENST00000453044,14,3,297,0.00072,0.50289,0.61953,v24_testis
ENST00000375832,14,3,297,0.00072,0.50289,0.61953,v24_testis
ENST00000383420,14,3,297,0.00072,0.50289,0.61953,v24_testis
ENST00000442105,14,3,297,0.00072,0.50289,0.61953,v24_testis
ENST00000447811,14,3,297,0.00072,0.50289,0.61953,v24_testis
ENST00000446062,14,3,297,0.00072,0.50289,0.61953,v24_testis
ENST00000419389,6,2,133,0.00251,0.33334,0.48872,v24_testis
ENST00000420378,6,2,133,0.00251,0.33334,0.48872,v24_testis
ENST00000444880,6,2,133,0.00251,0.33334,0.48872,v24_testis
ENST00000375825,6,2,133,0.00251,0.33334,0.48872,v24_testis
ENST00000440095,6,2,133,0.00251,0.33334,0.48872,v24_testis
ENST00000434515,6,2,133,0.00251,0.33334,0.48872,v24_testis
ENST00000400080,6,2,133,0.00251,0.33334,0.48872,v24_testis
ENST00000443040,12,4,287,0.00116,0.5119,0.64112,v24_testis
ENST00000444225,29,8,467,0.00059,0.53895,0.67345,v24_testis
ENST00000458424,28,8,466,0.00061,0.53441,0.67355,v24_testis
ENST00000454820,29,8,496,0.00056,0.5203,0.63281,v24_testis
ENST00000414514,29,8,496,0.00056,0.5203,0.63281,v24_testis
ENST00000412070,11,4,270,0.00135,0.50505,0.65,v24_testis
ENST00000400157,4,1,116,0.00216,0.53879,0.92241,v24_testis
ENST00000443975,4,1,116,0.00216,0.53879,0.92241,v24_testis
ENST00000439902,4,1,116,0.00216,0.53879,0.92241,v24_testis
ENST00000425177,4,1,116,0.00216,0.53879,0.92241,v24_testis
ENST00000375920,4,1,116,0.00216,0.53879,0.92241,v24_testis
ENST00000416324,4,1,116,0.00216,0.53879,0.92241,v24_testis
ENST00000422771,4,1,116,0.00216,0.53879,0.92241,v24_testis
ENST00000439989,20,4,396,0.00051,0.48535,0.60796,v24_testis
ENST00000337523,20,4,396,0.00051,0.48535,0.60796,v24_testis
ENST00000446967,20,4,396,0.00051,0.48535,0.60796,v24_testis
ENST00000399937,20,4,396,0.00051,0.48535,0.60796,v24_testis
ENST00000426498,20,4,396,0.00051,0.48535,0.60796,v24_testis
ENST00000432110,21,4,396,0.00048,0.49351,0.60796,v24_testis
ENST00000441804,14,3,342,0.00063,0.4551,0.42593,v24_testis
ENST00000441180,14,3,342,0.00063,0.4551,0.42593,v24_testis
ENST00000424145,14,3,342,0.00063,0.4551,0.42593,v24_testis
ENST00000448768,14,3,342,0.00063,0.4551,0.42593,v24_testis
ENST00000383279,14,3,342,0.00063,0.4551,0.42593,v24_testis
ENST00000412470,14,3,342,0.00063,0.4551,0.42593,v24_testis
ENST00000375067,14,3,342,0.00063,0.4551,0.42593,v24_testis
ENST00000399383,18,8,129,0.00345,0.53661,0.3624,v24_testis
ENST00000432391,18,8,129,0.00345,0.53661,0.3624,v24_testis
ENST00000374606,18,8,129,0.00345,0.53661,0.3624,v24_testis
ENST00000425878,18,8,129,0.00345,0.53661,0.3624,v24_testis
ENST00000452658,18,8,129,0.00345,0.53661,0.3624,v24_testis
ENST00000374181,34,2,865,7e-05,0.53295,0.86994,v24_testis
ENST00000316637,68,4,631,9e-05,0.61315,0.67036,v24_testis
ENST00000244645,29,9,441,0.0007,0.55321,0.6649,v24_testis
ENST00000447654,7,1,107,0.00134,0.48464,0.41121,v24_testis
ENST00000374116,6,0,96,0.0,0.49653,,v24_testis
ENST00000229771,22,4,542,0.00034,0.55032,0.33256,v24_testis
ENST00000621356,8,3,165,0.00227,0.62576,0.77778,v24_testis
ENST00000648437,8,3,165,0.00227,0.62576,0.77778,v24_testis
ENST00000288065,25,7,367,0.00076,0.61482,0.66135,v24_testis
ENST00000437635,41,9,652,0.00034,0.55533,0.52624,v24_testis
ENST00000259938,3,0,112,0.0,0.57738,,v24_testis
ENST00000622413,5,2,98,0.00408,0.34694,0.09184,v24_testis
ENST00000454782,11,6,134,0.00407,0.56716,0.61318,v24_testis
ENST00000340181,21,3,341,0.00042,0.48974,0.40176,v24_testis
ENST00000373408,2,0,97,0.0,0.48454,,v24_testis
ENST00000373451,38,9,835,0.00028,0.51513,0.39162,v24_testis
ENST00000373674,13,1,463,0.00017,0.47832,0.44492,v24_testis
ENST00000287218,16,4,227,0.0011,0.56856,0.38876,v24_testis
ENST00000229903,13,6,183,0.00252,0.45776,0.33698,v24_testis
ENST00000336655,10,3,229,0.00131,0.41965,0.21252,v24_testis
ENST00000652639,10,3,202,0.00149,0.47574,0.24092,v24_testis
ENST00000338305,25,2,789,0.0001,0.44832,0.64512,v24_testis
ENST00000424266,6,2,152,0.00219,0.51974,0.51316,v24_testis
ENST00000373018,31,4,492,0.00026,0.52295,0.31859,v24_testis
ENST00000307972,72,9,680,0.00018,0.32945,0.29216,v24_testis
ENST00000372569,5,0,204,0.0,0.40981,,v24_testis
ENST00000461010,24,6,496,0.0005,0.59694,0.6912,v24_testis
ENST00000244711,13,4,185,0.00166,0.55426,0.43243,v24_testis
ENST00000372441,13,3,316,0.00073,0.58983,0.80485,v24_testis
ENST00000326974,9,2,382,0.00058,0.50349,0.50916,v24_testis
ENST00000451025,22,6,306,0.00089,0.53728,0.53322,v24_testis
ENST00000372163,9,0,276,0.0,0.40781,,v24_testis
ENST00000372165,11,1,306,0.0003,0.52555,0.69935,v24_testis
ENST00000323267,22,5,832,0.00027,0.51743,0.49159,v24_testis
ENST00000451188,18,0,566,0.0,0.44209,,v24_testis
ENST00000371505,27,5,501,0.00037,0.5163,0.41477,v24_testis
ENST00000324450,17,3,317,0.00056,0.55762,0.56152,v24_testis
ENST00000417285,20,5,354,0.00071,0.56441,0.67062,v24_testis
ENST00000529246,14,6,244,0.00176,0.55825,0.55806,v24_testis
ENST00000304801,10,4,417,0.00096,0.43453,0.73322,v24_testis
ENST00000393655,26,1,460,8e-05,0.40167,0.55,v24_testis
ENST00000335847,8,5,249,0.00251,0.501,0.51486,v24_testis
ENST00000505118,8,5,249,0.00251,0.501,0.51486,v24_testis
ENST00000493422,8,4,222,0.00225,0.48705,0.64189,v24_testis
ENST00000334575,5,2,222,0.0018,0.46216,0.77027,v24_testis
ENST00000370989,7,2,222,0.00129,0.53217,0.57657,v24_testis
ENST00000616725,14,5,243,0.00147,0.5147,0.63045,v24_testis
ENST00000616725,14,5,243,0.00147,0.5147,0.63045,v24_testis
ENST00000339139,14,5,243,0.00147,0.5147,0.63045,v24_testis
ENST00000339139,14,5,243,0.00147,0.5147,0.63045,v24_testis
ENST00000339139,14,5,243,0.00147,0.5147,0.63045,v24_testis
ENST00000340465,21,9,394,0.00109,0.50338,0.55386,v24_testis
ENST00000274901,15,6,340,0.00118,0.36843,0.58137,v24_testis
ENST00000370658,10,4,208,0.00192,0.48894,0.3774,v24_testis
ENST00000370359,11,3,149,0.00183,0.45698,0.3311,v24_testis
ENST00000230053,20,3,323,0.00046,0.46672,0.62126,v24_testis
ENST00000257765,11,3,164,0.00166,0.52106,0.43903,v24_testis
ENST00000370081,6,1,115,0.00145,0.47971,0.35652,v24_testis
ENST00000684430,5,1,83,0.00241,0.40482,0.10843,v24_testis
ENST00000369940,22,4,260,0.0007,0.47255,0.6625,v24_testis
ENST00000369816,13,5,314,0.00122,0.55855,0.6242,v24_testis
ENST00000369700,16,8,413,0.00121,0.54782,0.50787,v24_testis
ENST00000369724,16,7,292,0.0015,0.4039,0.40851,v24_testis
ENST00000452027,19,7,261,0.00141,0.52309,0.58347,v24_testis
ENST00000454853,18,7,479,0.00081,0.44653,0.54608,v24_testis
ENST00000328345,50,8,443,0.00036,0.41002,0.45655,v24_testis
ENST00000551417,15,4,472,0.00056,0.4185,0.37553,v24_testis
ENST00000229955,16,2,419,0.0003,0.54728,0.50716,v24_testis
ENST00000281806,15,8,340,0.00157,0.60314,0.6864,v24_testis
ENST00000446408,14,5,360,0.00099,0.62679,0.70833,v24_testis
ENST00000302071,15,8,426,0.00125,0.46651,0.31103,v24_testis
ENST00000258052,24,7,423,0.00069,0.5458,0.67916,v24_testis
ENST00000368919,17,5,577,0.00051,0.34988,0.53379,v24_testis
ENST00000413644,6,3,189,0.00265,0.55379,0.67196,v24_testis
ENST00000368656,4,2,80,0.00625,0.38438,0.4625,v24_testis
ENST00000368602,8,0,181,0.0,0.4558,,v24_testis
ENST00000368328,6,1,88,0.00189,0.28788,0.35227,v24_testis
ENST00000628709,9,8,297,0.00299,0.75309,0.75,v24_testis
ENST00000439090,36,9,520,0.00048,0.40801,0.38761,v24_testis
ENST00000525289,11,6,299,0.00182,0.32867,0.31271,v24_testis
ENST00000613034,4,3,186,0.00403,0.67473,0.74194,v24_testis
ENST00000237264,4,3,186,0.00403,0.67473,0.74194,v24_testis
ENST00000649307,26,4,463,0.00033,0.5466,0.62527,v24_testis
ENST00000335643,18,7,311,0.00125,0.42122,0.38815,v24_testis
ENST00000367411,22,7,491,0.00065,0.36854,0.26797,v24_testis
ENST00000367378,10,5,227,0.0022,0.64009,0.55418,v24_testis
ENST00000367363,9,1,227,0.00049,0.43906,0.39648,v24_testis
ENST00000529948,10,3,209,0.00144,0.40383,0.37321,v24_testis
ENST00000326965,31,4,553,0.00023,0.56845,0.52487,v24_testis
ENST00000321394,20,9,556,0.00081,0.52293,0.54616,v24_testis
ENST00000230301,24,7,469,0.00062,0.56752,0.62504,v24_testis
ENST00000366888,15,5,257,0.0013,0.52036,0.42879,v24_testis
ENST00000239587,25,5,592,0.00034,0.44534,0.34831,v24_testis
ENST00000349556,15,7,379,0.00123,0.38663,0.43498,v24_testis
ENST00000366847,17,8,399,0.00118,0.3898,0.43014,v24_testis
ENST00000366829,19,5,415,0.00063,0.52682,0.69012,v24_testis
ENST00000440994,30,6,481,0.00042,0.5122,0.55994,v24_testis
ENST00000366774,13,4,198,0.00155,0.30808,0.34344,v24_testis
ENST00000610291,13,4,198,0.00155,0.30808,0.34344,v24_testis
ENST00000265857,16,2,327,0.00038,0.49809,0.66666,v24_testis
ENST00000308919,29,4,490,0.00028,0.48994,0.55714,v24_testis
ENST00000340611,58,9,821,0.00019,0.50689,0.3738,v24_testis
ENST00000399583,64,3,1075,4e-05,0.4476,0.62046,v24_testis
ENST00000343985,15,5,179,0.00186,0.46704,0.5486,v24_testis
ENST00000397046,13,4,156,0.00197,0.4645,0.62981,v24_testis
ENST00000339737,13,4,156,0.00197,0.4645,0.62981,v24_testis
ENST00000404774,6,0,270,0.0,0.39321,,v24_testis
ENST00000242104,8,1,109,0.00115,0.41284,0.38532,v24_testis
ENST00000404406,29,9,870,0.00036,0.40939,0.34879,v24_testis
ENST00000313324,12,5,259,0.00161,0.50032,0.41467,v24_testis
ENST00000356797,9,5,200,0.00278,0.53056,0.55,v24_testis
ENST00000651779,9,5,200,0.00278,0.53056,0.55,v24_testis
ENST00000506618,12,5,318,0.00131,0.36871,0.43648,v24_testis
ENST00000307471,7,3,140,0.00306,0.36224,0.25714,v24_testis
ENST00000342947,32,5,496,0.00032,0.46087,0.47097,v24_testis
ENST00000344962,16,9,298,0.00189,0.5237,0.50783,v24_testis
ENST00000322275,8,6,166,0.00452,0.63102,0.66868,v24_testis
ENST00000322275,8,6,166,0.00452,0.63102,0.66868,v24_testis
ENST00000337620,6,4,183,0.00364,0.43807,0.59563,v24_testis
ENST00000396386,6,4,183,0.00364,0.43807,0.59563,v24_testis
ENST00000323037,9,2,242,0.00092,0.51928,0.11364,v24_testis
ENST00000342032,7,3,155,0.00276,0.32627,0.53979,v24_testis
ENST00000440378,23,9,517,0.00076,0.56236,0.41393,v24_testis
ENST00000297063,21,7,520,0.00064,0.58452,0.46236,v24_testis
ENST00000242208,17,4,426,0.00055,0.54294,0.70188,v24_testis
ENST00000258704,17,4,336,0.0007,0.55077,0.49479,v24_testis
ENST00000358707,23,1,503,9e-05,0.5099,0.56461,v24_testis
ENST00000395747,24,2,518,0.00016,0.5115,0.6168,v24_testis
ENST00000348904,18,6,295,0.00113,0.61846,0.53616,v24_testis
ENST00000297325,16,9,357,0.00158,0.48214,0.43791,v24_testis
ENST00000352861,4,1,68,0.00368,0.19118,0.02941,v24_testis
ENST00000285298,6,2,130,0.00256,0.57564,0.7077,v24_testis
ENST00000275605,11,3,225,0.00121,0.48687,0.59852,v24_testis
ENST00000420316,20,2,405,0.00025,0.40049,0.65308,v24_testis
ENST00000342916,29,7,628,0.00038,0.42467,0.67675,v24_testis
ENST00000329309,6,0,97,0.0,0.66839,,v24_testis
ENST00000331162,20,6,524,0.00057,0.34351,0.25986,v24_testis
ENST00000420713,18,7,495,0.00079,0.24972,0.27013,v24_testis
ENST00000429565,17,6,412,0.00086,0.27285,0.3305,v24_testis
ENST00000421025,17,6,411,0.00086,0.31186,0.37064,v24_testis
ENST00000360415,3,1,42,0.00794,0.65079,0.61905,v24_testis
ENST00000395275,16,2,261,0.00048,0.54262,0.56896,v24_testis
ENST00000403018,9,3,266,0.00125,0.4386,0.57769,v24_testis
ENST00000333149,25,2,487,0.00016,0.46423,0.25052,v24_testis
ENST00000305632,23,5,447,0.00049,0.55092,0.21924,v24_testis
ENST00000324941,17,1,251,0.00023,0.46848,0.12351,v24_testis
ENST00000431982,18,4,322,0.00069,0.57246,0.5427,v24_testis
ENST00000252037,19,4,327,0.00064,0.55062,0.5497,v24_testis
ENST00000265758,12,1,281,0.0003,0.53766,0.77936,v24_testis
ENST00000429192,7,2,692,0.00041,0.56028,0.4198,v24_testis
ENST00000357036,8,2,711,0.00035,0.5705,0.40858,v24_testis
ENST00000285805,15,3,250,0.0008,0.54533,0.364,v24_testis
ENST00000318622,11,3,223,0.00122,0.53037,0.4858,v24_testis
ENST00000631645,11,0,212,0.0,0.62779,,v24_testis
ENST00000413936,38,0,622,0.0,0.43971,,v24_testis
ENST00000424848,17,5,326,0.0009,0.4825,0.46626,v24_testis
ENST00000615790,19,2,359,0.00029,0.45917,0.61699,v24_testis
ENST00000346867,7,2,114,0.00251,0.51504,0.33334,v24_testis
ENST00000265634,24,3,431,0.00029,0.44886,0.85383,v24_testis
ENST00000394309,20,7,561,0.00062,0.49929,0.55921,v24_testis
ENST00000345589,15,3,321,0.00062,0.51277,0.66251,v24_testis
ENST00000339375,16,3,423,0.00044,0.59309,0.74389,v24_testis
ENST00000416379,16,3,435,0.00043,0.57845,0.72337,v24_testis
ENST00000379724,3,1,62,0.00538,0.64516,0.5,v24_testis
ENST00000354829,21,8,503,0.00076,0.54331,0.59418,v24_testis
ENST00000431679,8,3,221,0.0017,0.63801,0.89291,v24_testis
ENST00000431679,8,3,221,0.0017,0.63801,0.89291,v24_testis
ENST00000292377,30,5,579,0.00029,0.47876,0.57617,v24_testis
ENST00000316937,29,7,580,0.00042,0.55743,0.58153,v24_testis
ENST00000357864,9,3,110,0.00303,0.34445,0.26667,v24_testis
ENST00000292330,17,5,253,0.00116,0.50756,0.61344,v24_testis
ENST00000222969,4,2,144,0.00347,0.48611,0.45834,v24_testis
ENST00000332375,17,2,206,0.00057,0.55882,0.70388,v24_testis
ENST00000300179,37,5,841,0.00016,0.47498,0.29679,v24_testis
ENST00000332397,65,3,549,8e-05,0.45633,0.58774,v24_testis
ENST00000414441,13,0,220,0.0,0.50979,,v24_testis
ENST00000241071,38,6,580,0.00027,0.55422,0.55259,v24_testis
ENST00000427939,44,7,618,0.00026,0.50625,0.50092,v24_testis
ENST00000379527,17,5,235,0.00125,0.49637,0.65192,v24_testis
ENST00000359593,26,6,453,0.00051,0.61453,0.52686,v24_testis
ENST00000563237,23,6,402,0.00065,0.4894,0.36733,v24_testis
ENST00000611405,35,5,876,0.00016,0.49583,0.38904,v24_testis
ENST00000618262,35,5,872,0.00016,0.49731,0.38991,v24_testis
ENST00000618411,35,5,871,0.00016,0.49729,0.3899,v24_testis
ENST00000507450,23,6,402,0.00065,0.4894,0.36733,v24_testis
ENST00000498704,4,3,108,0.00694,0.31019,0.32099,v24_testis
ENST00000315322,5,3,185,0.00324,0.51568,0.6036,v24_testis
ENST00000292616,32,3,647,0.00014,0.52077,0.55951,v24_testis
ENST00000313221,7,5,735,0.00097,0.1345,0.13279,v24_testis
ENST00000339431,20,7,441,0.00079,0.46327,0.39359,v24_testis
ENST00000249377,17,7,313,0.00132,0.54745,0.55454,v24_testis
ENST00000447452,14,9,324,0.00198,0.51742,0.43896,v24_testis
ENST00000011473,9,3,259,0.00129,0.26984,0.33977,v24_testis
ENST00000297146,10,2,370,0.00054,0.55,0.4973,v24_testis
ENST00000297146,10,2,370,0.00054,0.55,0.4973,v24_testis
ENST00000265224,14,9,254,0.00253,0.48172,0.5818,v24_testis
ENST00000265441,14,2,360,0.0004,0.39643,0.74861,v24_testis
ENST00000361301,13,4,355,0.00087,0.40932,0.45212,v24_testis
ENST00000222462,12,3,365,0.00068,0.45868,0.59909,v24_testis
ENST00000442488,24,2,475,0.00018,0.6143,0.60842,v24_testis
ENST00000427185,22,2,425,0.00021,0.61465,0.56235,v24_testis
ENST00000455783,26,2,380,0.0002,0.5252,0.49342,v24_testis
ENST00000303921,24,7,613,0.00048,0.47138,0.63062,v24_testis
ENST00000265825,28,9,498,0.00065,0.57509,0.56292,v24_testis
ENST00000340112,17,8,376,0.00125,0.55491,0.54255,v24_testis
ENST00000434824,13,7,305,0.00177,0.57629,0.46276,v24_testis
ENST00000315184,20,6,344,0.00087,0.60727,0.68847,v24_testis
ENST00000682356,13,5,300,0.00128,0.55846,0.64533,v24_testis
ENST00000641605,14,5,309,0.00116,0.53999,0.64984,v24_testis
ENST00000492758,5,1,147,0.00136,0.62993,0.46259,v24_testis
ENST00000462322,3,1,65,0.00513,0.38974,0.27692,v24_testis
ENST00000402030,38,8,498,0.00042,0.59417,0.54192,v24_testis
ENST00000222481,19,6,419,0.00075,0.42545,0.37072,v24_testis
ENST00000011292,20,5,419,0.0006,0.4074,0.4506,v24_testis
ENST00000223208,22,7,373,0.00085,0.54131,0.44389,v24_testis
ENST00000583337,8,1,323,0.00039,0.54025,0.55728,v24_testis
ENST00000222482,19,3,421,0.00038,0.42643,0.39984,v24_testis
ENST00000474905,17,6,436,0.00081,0.44833,0.63341,v24_testis
ENST00000431780,14,5,403,0.00089,0.37097,0.61836,v24_testis
ENST00000474905,17,6,436,0.00081,0.44833,0.63341,v24_testis
ENST00000378539,19,5,522,0.0005,0.57471,0.93218,v24_testis
ENST00000416162,14,5,292,0.00122,0.50098,0.59178,v24_testis
ENST00000354042,20,3,626,0.00024,0.46294,0.6491,v24_testis
ENST00000617987,3,2,69,0.00966,0.35749,0.39855,v24_testis
ENST00000483029,4,2,102,0.0049,0.42647,0.38726,v24_testis
ENST00000242375,12,3,326,0.00077,0.58052,0.76687,v24_testis
ENST00000452463,8,2,248,0.00101,0.32056,0.47178,v24_testis
ENST00000255977,19,5,482,0.00055,0.51103,0.44191,v24_testis
ENST00000631981,3,2,27,0.02469,0.1358,0.16667,v24_testis
ENST00000611485,40,8,725,0.00028,0.45776,0.58345,v24_testis
ENST00000360937,32,2,751,8e-05,0.50408,0.24368,v24_testis
ENST00000349064,29,4,531,0.00026,0.58712,0.82015,v24_testis
ENST00000262186,22,1,1159,4e-05,0.31897,0.5824,v24_testis
ENST00000275838,4,0,429,0.0,0.17599,,v24_testis
ENST00000426341,6,2,130,0.00256,0.31795,0.22692,v24_testis
ENST00000359321,14,5,280,0.00128,0.65051,0.73571,v24_testis
ENST00000297375,20,3,333,0.00045,0.56081,0.61862,v24_testis
ENST00000256001,20,8,418,0.00096,0.48924,0.50957,v24_testis
ENST00000543409,14,2,189,0.00076,0.37906,0.30952,v24_testis
ENST00000252971,21,1,401,0.00012,0.57321,0.77805,v24_testis
ENST00000646327,15,4,364,0.00073,0.42839,0.47252,v24_testis
ENST00000285518,15,4,364,0.00073,0.42839,0.47252,v24_testis
ENST00000647775,27,7,464,0.00056,0.54135,0.60129,v24_testis
ENST00000533716,27,8,464,0.00064,0.54135,0.59806,v24_testis
ENST00000710636,27,8,464,0.00064,0.54135,0.59806,v24_testis
ENST00000645125,11,3,108,0.00253,0.56397,0.54938,v24_testis
ENST00000326558,11,3,108,0.00253,0.56397,0.54938,v24_testis
ENST00000361111,9,3,82,0.00407,0.57046,0.61789,v24_testis
ENST00000620054,10,4,82,0.00488,0.59024,0.65549,v24_testis
ENST00000711409,9,3,82,0.00407,0.57046,0.61789,v24_testis
ENST00000359758,11,3,108,0.00253,0.56397,0.54938,v24_testis
ENST00000672522,11,3,108,0.00253,0.56397,0.54938,v24_testis
ENST00000615672,12,4,108,0.00309,0.56559,0.55787,v24_testis
ENST00000622314,2,0,50,0.0,0.4,,v24_testis
ENST00000711412,2,0,50,0.0,0.4,,v24_testis
ENST00000528168,2,0,50,0.0,0.4,,v24_testis
ENST00000297498,7,2,103,0.00277,0.37864,0.35922,v24_testis
ENST00000671943,7,2,103,0.00277,0.37864,0.35922,v24_testis
ENST00000613163,8,3,103,0.00364,0.40777,0.44337,v24_testis
ENST00000617378,9,4,113,0.00393,0.43658,0.51991,v24_testis
ENST00000317900,8,3,113,0.00332,0.42146,0.50738,v24_testis
ENST00000711408,8,3,113,0.00332,0.42146,0.50738,v24_testis
ENST00000328655,9,4,352,0.00126,0.46622,0.32528,v24_testis
ENST00000646980,9,4,352,0.00126,0.46622,0.32528,v24_testis
ENST00000645727,10,5,276,0.00181,0.59203,0.47681,v24_testis
ENST00000522210,10,5,276,0.00181,0.59203,0.47681,v24_testis
ENST00000646844,11,2,338,0.00054,0.39806,0.44674,v24_testis
ENST00000382435,11,2,338,0.00054,0.39806,0.44674,v24_testis
ENST00000335135,17,4,442,0.00053,0.53793,0.61312,v24_testis
ENST00000647274,17,4,442,0.00053,0.53793,0.61312,v24_testis
ENST00000710792,24,7,271,0.00108,0.63177,0.59252,v24_testis
ENST00000403422,24,7,271,0.00108,0.63177,0.59252,v24_testis
ENST00000436750,30,9,332,0.0009,0.57912,0.53615,v24_testis
ENST00000710793,30,9,332,0.0009,0.57912,0.53615,v24_testis
ENST00000297324,18,7,319,0.00122,0.50888,0.45365,v24_testis
ENST00000382080,18,8,312,0.00142,0.43038,0.42348,v24_testis
ENST00000004531,19,7,698,0.00053,0.63037,0.63283,v24_testis
ENST00000545197,22,8,352,0.00103,0.45558,0.33665,v24_testis
ENST00000437980,12,3,472,0.00053,0.46098,0.66949,v24_testis
ENST00000440926,13,3,525,0.00044,0.45949,0.61524,v24_testis
ENST00000306306,8,1,257,0.00049,0.65029,0.54475,v24_testis
ENST00000433454,13,3,540,0.00043,0.46894,0.54815,v24_testis
ENST00000417069,38,9,608,0.00039,0.51173,0.53783,v24_testis
ENST00000380871,17,3,234,0.00075,0.45777,0.46866,v24_testis
ENST00000301905,7,1,322,0.00044,0.3984,0.24224,v24_testis
ENST00000316403,28,5,449,0.0004,0.47908,0.22628,v24_testis
ENST00000240101,12,2,303,0.00055,0.48735,0.33168,v24_testis
ENST00000339382,21,8,322,0.00118,0.45268,0.67391,v24_testis
ENST00000475541,20,7,347,0.00101,0.40158,0.60189,v24_testis
ENST00000431156,23,7,508,0.0006,0.49581,0.54331,v24_testis
ENST00000276449,18,2,285,0.00039,0.42846,0.2193,v24_testis
ENST00000650919,8,2,241,0.00104,0.31017,0.35477,v24_testis
ENST00000522402,14,1,308,0.00023,0.46521,0.37338,v24_testis
ENST00000502986,21,8,407,0.00094,0.47093,0.52027,v24_testis
ENST00000356207,23,3,733,0.00018,0.61166,0.46294,v24_testis
ENST00000456845,6,1,171,0.00097,0.41228,0.38012,v24_testis
ENST00000265421,15,6,335,0.00119,0.49532,0.59204,v24_testis
ENST00000518421,20,5,418,0.0006,0.59533,0.66507,v24_testis
ENST00000220812,18,5,224,0.00124,0.63492,0.59821,v24_testis
ENST00000352041,25,5,516,0.00039,0.47977,0.63798,v24_testis
ENST00000358543,2,0,129,0.0,0.86046,,v24_testis
ENST00000262103,8,2,211,0.00118,0.47216,0.79147,v24_testis
ENST00000316963,11,8,230,0.00316,0.63992,0.59783,v24_testis
ENST00000451791,9,1,267,0.00042,0.56097,0.28839,v24_testis
ENST00000276570,7,2,199,0.00144,0.58938,0.48744,v24_testis
ENST00000563496,6,2,167,0.002,0.68064,0.92515,v24_testis
ENST00000324682,8,5,228,0.00274,0.36129,0.40526,v24_testis
ENST00000297770,20,7,437,0.0008,0.36945,0.42726,v24_testis
ENST00000276590,14,4,288,0.00099,0.41741,0.5625,v24_testis
ENST00000624510,7,3,161,0.00266,0.66637,0.63147,v24_testis
ENST00000357039,14,6,305,0.00141,0.37775,0.35464,v24_testis
ENST00000520242,1,1,112,0.00893,0.44643,0.44643,v24_testis
ENST00000520242,1,1,112,0.00893,0.44643,0.44643,v24_testis
ENST00000687224,1,1,112,0.00893,0.44643,0.44643,v24_testis
ENST00000449740,14,8,336,0.0017,0.51807,0.48289,v24_testis
ENST00000297592,5,2,117,0.00342,0.30427,0.2735,v24_testis
ENST00000322128,33,5,417,0.00036,0.50026,0.43885,v24_testis
ENST00000297565,16,4,312,0.0008,0.53445,0.625,v24_testis
ENST00000395884,17,9,469,0.00113,0.57268,0.5276,v24_testis
ENST00000612750,23,8,445,0.00078,0.56844,0.49776,v24_testis
ENST00000220853,20,9,297,0.00152,0.55774,0.51365,v24_testis
ENST00000395951,16,7,245,0.00179,0.42551,0.4035,v24_testis
ENST00000378279,13,0,155,0.0,0.534,,v24_testis
ENST00000521243,10,4,320,0.00125,0.61406,0.70156,v24_testis
ENST00000456015,13,6,369,0.00125,0.53054,0.52258,v24_testis
ENST00000536633,15,3,367,0.00054,0.4554,0.73206,v24_testis
ENST00000355849,16,7,346,0.00126,0.52384,0.39307,v24_testis
ENST00000517423,6,3,155,0.00323,0.69462,0.80215,v24_testis
ENST00000220856,9,2,280,0.00079,0.55675,0.51607,v24_testis
ENST00000024061,33,6,798,0.00023,0.52328,0.49311,v24_testis
ENST00000517894,75,4,1584,3e-05,0.46204,0.39804,v24_testis
ENST00000615982,27,0,556,0.0,0.56388,,v24_testis
ENST00000292427,30,7,503,0.00046,0.46501,0.4192,v24_testis
ENST00000522591,5,1,85,0.00235,0.39059,0.28235,v24_testis
ENST00000292430,6,1,165,0.00101,0.25152,0.14545,v24_testis
ENST00000333480,13,1,353,0.00022,0.70996,0.24929,v24_testis
ENST00000610554,5,0,140,0.0,0.36,,v24_testis
ENST00000430474,5,0,140,0.0,0.36,,v24_testis
ENST00000617261,20,4,371,0.00054,0.47278,0.55323,v24_testis
ENST00000532158,20,4,371,0.00054,0.47278,0.55323,v24_testis
ENST00000316052,19,4,245,0.00086,0.49431,0.51939,v24_testis
ENST00000618853,69,6,1288,7e-05,0.48493,0.64868,v24_testis
ENST00000447830,23,6,441,0.00059,0.57567,0.38473,v24_testis
ENST00000377470,32,7,591,0.00037,0.55367,0.36717,v24_testis
ENST00000398712,25,8,387,0.00083,0.52878,0.38598,v24_testis
ENST00000359551,22,8,326,0.00112,0.56539,0.46012,v24_testis
ENST00000644291,14,5,215,0.00166,0.61661,0.69674,v24_testis
ENST00000562477,14,5,215,0.00166,0.61661,0.69674,v24_testis
ENST00000645530,10,1,235,0.00043,0.47106,0.97447,v24_testis
ENST00000565365,10,1,235,0.00043,0.47106,0.97447,v24_testis
ENST00000423230,21,2,422,0.00023,0.50034,0.41232,v24_testis
ENST00000377317,17,3,365,0.00048,0.42143,0.26849,v24_testis
ENST00000377307,69,5,1114,7e-05,0.48188,0.6052,v24_testis
ENST00000438911,15,1,362,0.00018,0.54972,0.99448,v24_testis
ENST00000190165,30,2,472,0.00014,0.47316,0.54449,v24_testis
ENST00000382082,27,5,545,0.00034,0.46592,0.66165,v24_testis
ENST00000223862,10,3,185,0.00162,0.52108,0.5982,v24_testis
ENST00000381627,12,7,185,0.00315,0.52658,0.61004,v24_testis
ENST00000344545,4,3,140,0.00536,0.49107,0.5881,v24_testis
ENST00000380821,14,5,411,0.00087,0.46611,0.57129,v24_testis
ENST00000611749,11,6,157,0.00347,0.54777,0.52336,v24_testis
ENST00000327883,28,7,525,0.00048,0.53143,0.68408,v24_testis
ENST00000223951,21,9,346,0.00124,0.49064,0.37572,v24_testis
ENST00000223951,21,9,346,0.00124,0.49064,0.37572,v24_testis
ENST00000397312,21,9,359,0.00119,0.47632,0.36212,v24_testis
ENST00000379992,23,4,606,0.00029,0.54341,0.60726,v24_testis
ENST00000537675,7,6,265,0.00323,0.41509,0.45975,v24_testis
ENST00000380032,8,7,294,0.00298,0.42942,0.47182,v24_testis
ENST00000342743,9,4,235,0.00189,0.7357,0.77128,v24_testis
ENST00000361264,19,5,453,0.00058,0.37888,0.27152,v24_testis
ENST00000309615,21,8,288,0.00132,0.50529,0.55642,v24_testis
ENST00000399775,3,0,76,0.0,0.62719,,v24_testis
ENST00000242317,34,7,699,0.00029,0.41109,0.26487,v24_testis
ENST00000379126,6,0,111,0.0,0.40991,,v24_testis
ENST00000379127,7,0,164,0.0,0.41376,,v24_testis
ENST00000297623,10,2,262,0.00076,0.53626,0.30152,v24_testis
ENST00000259631,9,3,112,0.00298,0.56746,0.57441,v24_testis
ENST00000242315,25,3,400,0.0003,0.4868,0.515,v24_testis
ENST00000297661,20,9,502,0.0009,0.59751,0.52501,v24_testis
ENST00000378357,24,3,459,0.00027,0.55955,0.58025,v24_testis
ENST00000423537,19,3,402,0.00039,0.51859,0.27612,v24_testis
ENST00000335119,21,4,588,0.00032,0.52162,0.50468,v24_testis
ENST00000377694,9,0,278,0.0,0.65268,,v24_testis
ENST00000396521,6,3,164,0.00305,0.48679,0.33943,v24_testis
ENST00000377276,17,3,351,0.0005,0.37657,0.19943,v24_testis
ENST00000377197,8,5,229,0.00273,0.5131,0.73188,v24_testis
ENST00000377041,11,4,293,0.00124,0.65994,0.79864,v24_testis
ENST00000297784,22,7,760,0.00042,0.59713,0.40301,v24_testis
ENST00000442371,14,6,428,0.001,0.50901,0.40849,v24_testis
ENST00000314355,7,4,79,0.00723,0.64014,0.73418,v24_testis
ENST00000707838,6,1,156,0.00107,0.6859,0.76282,v24_testis
ENST00000375854,6,1,156,0.00107,0.6859,0.76282,v24_testis
ENST00000375871,15,4,243,0.0011,0.48395,0.46811,v24_testis
ENST00000336654,22,8,338,0.00108,0.44338,0.56102,v24_testis
ENST00000325303,23,8,346,0.00101,0.46255,0.54841,v24_testis
ENST00000253968,12,0,254,0.0,0.58793,,v24_testis
ENST00000375263,9,4,310,0.00143,0.49211,0.25968,v24_testis
ENST00000375256,17,8,350,0.00134,0.78504,0.76572,v24_testis
ENST00000259470,14,5,334,0.00107,0.37789,0.45509,v24_testis
ENST00000259470,14,5,334,0.00107,0.37789,0.45509,v24_testis
ENST00000375543,7,4,243,0.00235,0.51323,0.54938,v24_testis
ENST00000710274,12,6,379,0.00132,0.53562,0.51363,v24_testis
ENST00000343933,24,4,525,0.00032,0.65778,0.83095,v24_testis
ENST00000342043,25,3,442,0.00027,0.43783,0.41252,v24_testis
ENST00000374798,11,8,348,0.00209,0.23041,0.2694,v24_testis
ENST00000469022,10,7,145,0.00483,0.36896,0.37931,v24_testis
ENST00000374667,14,3,415,0.00052,0.58726,0.35663,v24_testis
ENST00000189978,24,8,783,0.00043,0.5108,0.46711,v24_testis
ENST00000374448,27,8,869,0.00034,0.50398,0.48245,v24_testis
ENST00000489339,12,3,192,0.0013,0.49826,0.63715,v24_testis
ENST00000374199,21,8,522,0.00073,0.4657,0.58501,v24_testis
ENST00000374169,5,1,147,0.00136,0.72517,0.93878,v24_testis
ENST00000265134,26,3,524,0.00022,0.47482,0.61259,v24_testis
ENST00000362057,39,3,907,8e-05,0.52834,0.77619,v24_testis
ENST00000288520,18,1,440,0.00013,0.5024,0.43409,v24_testis
ENST00000341734,16,1,395,0.00016,0.49589,0.35949,v24_testis
ENST00000361209,58,6,1288,8e-05,0.52586,0.44112,v24_testis
ENST00000358637,8,1,194,0.00064,0.48196,0.73196,v24_testis
ENST00000373764,3,1,161,0.00207,0.65217,0.65217,v24_testis
ENST00000373588,30,4,461,0.00029,0.5867,0.44197,v24_testis
ENST00000259457,4,1,277,0.0009,0.56859,0.48014,v24_testis
ENST00000373574,13,4,314,0.00098,0.50637,0.81688,v24_testis
ENST00000373600,22,3,347,0.00039,0.48127,0.1806,v24_testis
ENST00000526117,39,6,395,0.00039,0.5815,0.5481,v24_testis
ENST00000373371,16,3,477,0.00039,0.51978,0.72676,v24_testis
ENST00000373295,61,6,520,0.00019,0.51806,0.66891,v24_testis
ENST00000424082,21,8,537,0.00071,0.43043,0.4574,v24_testis
ENST00000373284,12,1,321,0.00026,0.63707,0.17757,v24_testis
ENST00000373078,24,6,327,0.00076,0.74681,0.66157,v24_testis
ENST00000608796,10,1,170,0.00059,0.54882,0.57647,v24_testis
ENST00000432073,24,4,489,0.00034,0.44581,0.26074,v24_testis
ENST00000432226,40,6,731,0.00021,0.47975,0.55837,v24_testis
ENST00000432226,40,6,731,0.00021,0.47975,0.55837,v24_testis
ENST00000372478,30,6,431,0.00046,0.56914,0.64733,v24_testis
ENST00000372483,9,3,223,0.00149,0.47334,0.39163,v24_testis
ENST00000393370,12,2,323,0.00052,0.52812,0.09598,v24_testis
ENST00000358355,50,6,914,0.00013,0.5156,0.34938,v24_testis
ENST00000372338,27,4,461,0.00032,0.42822,0.58731,v24_testis
ENST00000372338,27,4,461,0.00032,0.42822,0.58731,v24_testis
ENST00000372410,22,8,571,0.00064,0.53471,0.56283,v24_testis
ENST00000343036,23,6,320,0.00082,0.49321,0.54896,v24_testis
ENST00000298545,31,3,479,0.0002,0.49572,0.36187,v24_testis
ENST00000350499,10,1,168,0.0006,0.31786,0.27976,v24_testis
ENST00000341012,35,8,671,0.00034,0.53166,0.42381,v24_testis
ENST00000676640,37,8,725,0.0003,0.5389,0.46672,v24_testis
ENST00000372208,12,5,201,0.00207,0.51907,0.55124,v24_testis
ENST00000372080,21,4,753,0.00025,0.35825,0.48307,v24_testis
ENST00000371964,14,2,256,0.00056,0.50391,0.7207,v24_testis
ENST00000630633,14,2,256,0.00056,0.50391,0.7207,v24_testis
ENST00000371850,42,5,878,0.00014,0.46792,0.70706,v24_testis
ENST00000358625,7,5,334,0.00214,0.53892,0.5497,v24_testis
ENST00000627962,36,4,680,0.00016,0.47966,0.51176,v24_testis
ENST00000371957,36,4,680,0.00016,0.47966,0.51176,v24_testis
ENST00000371781,5,1,176,0.00114,0.47386,0.15909,v24_testis
ENST00000371789,2,0,92,0.0,0.59239,,v24_testis
ENST00000429260,4,1,136,0.00184,0.5147,0.63235,v24_testis
ENST00000371746,23,2,402,0.00022,0.49816,0.80846,v24_testis
ENST00000298466,16,4,328,0.00076,0.53182,0.39634,v24_testis
ENST00000371688,2,1,152,0.00329,0.08882,0.13816,v24_testis
ENST00000316144,8,1,184,0.00068,0.59443,0.09783,v24_testis
ENST00000341206,8,3,163,0.0023,0.55292,0.73211,v24_testis
ENST00000325285,25,1,566,7e-05,0.42445,0.5583,v24_testis
ENST00000371633,14,1,192,0.00037,0.44271,0.88021,v24_testis
ENST00000371625,15,1,190,0.00035,0.53298,0.99474,v24_testis
ENST00000408973,8,0,164,0.0,0.44665,,v24_testis
ENST00000355097,30,4,495,0.00027,0.56633,0.54091,v24_testis
ENST00000323927,43,7,822,0.0002,0.515,0.46681,v24_testis
ENST00000322310,11,0,119,0.0,0.32849,,v24_testis
ENST00000338005,37,1,534,5e-05,0.41634,0.03745,v24_testis
ENST00000371663,38,6,730,0.00022,0.42614,0.51233,v24_testis
ENST00000445101,8,1,156,0.0008,0.50481,0.45513,v24_testis
ENST00000673835,17,2,599,0.0002,0.45792,0.19449,v24_testis
ENST00000684138,5,3,142,0.00423,0.60845,0.64554,v24_testis
ENST00000340384,21,1,445,0.00011,0.51054,0.20899,v24_testis
ENST00000344774,24,2,317,0.00026,0.49172,0.19874,v24_testis
ENST00000298585,17,2,227,0.00052,0.61078,0.59031,v24_testis
ENST00000277531,63,9,1317,0.00011,0.49369,0.23184,v24_testis
ENST00000622761,7,3,83,0.00516,0.58176,0.55823,v24_testis
ENST00000620716,11,3,130,0.0021,0.4972,0.40256,v24_testis
ENST00000388931,28,4,386,0.00037,0.38879,0.24288,v24_testis
ENST00000412566,26,4,308,0.0005,0.44555,0.30438,v24_testis
ENST00000611378,24,3,331,0.00038,0.38482,0.15811,v24_testis
ENST00000620243,22,3,253,0.00054,0.45508,0.20685,v24_testis
ENST00000711208,13,2,298,0.00052,0.54388,0.42786,v24_testis
ENST00000381233,13,2,298,0.00052,0.54388,0.42786,v24_testis
ENST00000424830,11,3,251,0.00109,0.52372,0.22842,v24_testis
ENST00000380961,28,6,526,0.00041,0.46931,0.67903,v24_testis
ENST00000380668,12,5,318,0.00131,0.41745,0.41572,v24_testis
ENST00000398491,12,5,321,0.0013,0.41822,0.41745,v24_testis
ENST00000312196,17,8,521,0.0009,0.56148,0.5439,v24_testis
ENST00000398527,17,8,509,0.00092,0.55183,0.53315,v24_testis
ENST00000380714,24,5,191,0.00109,0.58595,0.60838,v24_testis
ENST00000380485,12,6,262,0.00191,0.53117,0.41285,v24_testis
ENST00000380488,16,7,294,0.00149,0.58716,0.4553,v24_testis
ENST00000546332,12,6,262,0.00191,0.53117,0.41285,v24_testis
ENST00000380087,13,6,425,0.00109,0.50299,0.46941,v24_testis
ENST00000380043,13,3,302,0.00076,0.41187,0.77373,v24_testis
ENST00000380041,12,3,329,0.00076,0.48885,0.7923,v24_testis
ENST00000429584,20,5,372,0.00067,0.43132,0.53226,v24_testis
ENST00000545871,31,8,530,0.00049,0.41668,0.44599,v24_testis
ENST00000379211,19,8,332,0.00127,0.57245,0.52222,v24_testis
ENST00000379044,18,4,562,0.0004,0.50692,0.41326,v24_testis
ENST00000378970,29,5,470,0.00037,0.51798,0.55957,v24_testis
ENST00000379144,16,4,369,0.00068,0.50237,0.29133,v24_testis
ENST00000356768,16,4,330,0.00076,0.56174,0.32576,v24_testis
ENST00000397550,13,3,347,0.00067,0.44247,0.31988,v24_testis
ENST00000543642,9,5,218,0.00255,0.4633,0.37707,v24_testis
ENST00000542554,9,5,218,0.00255,0.4633,0.37707,v24_testis
ENST00000642620,6,0,133,0.0,0.64161,,v24_testis
ENST00000420999,25,9,749,0.00048,0.44817,0.40053,v24_testis
ENST00000457458,21,4,502,0.00038,0.50901,0.83267,v24_testis
ENST00000304355,3,1,159,0.0021,0.65828,0.76101,v24_testis
ENST00000304270,3,1,159,0.0021,0.65828,0.76101,v24_testis
ENST00000311798,11,7,229,0.00278,0.55062,0.55396,v24_testis
ENST00000298396,10,7,188,0.00372,0.5016,0.44681,v24_testis
ENST00000333119,10,2,157,0.00127,0.42675,0.62102,v24_testis
ENST00000595235,9,5,188,0.00296,0.5065,0.50319,v24_testis
ENST00000636362,16,1,233,0.00027,0.49061,0.12017,v24_testis
ENST00000218230,11,2,260,0.0007,0.46364,0.35962,v24_testis
ENST00000407599,11,6,116,0.0047,0.56426,0.58621,v24_testis
ENST00000710670,33,4,649,0.00019,0.36527,0.25116,v24_testis
ENST00000603906,33,4,649,0.00019,0.36527,0.25116,v24_testis
ENST00000603986,38,6,696,0.00023,0.35757,0.21696,v24_testis
ENST00000710668,38,6,696,0.00023,0.35757,0.21696,v24_testis
ENST00000442437,13,8,117,0.00526,0.54569,0.54915,v24_testis
ENST00000376199,18,2,396,0.00028,0.44739,0.50379,v24_testis
ENST00000381722,13,8,117,0.00526,0.54569,0.54915,v24_testis
ENST00000381700,13,8,117,0.00526,0.54569,0.54915,v24_testis
ENST00000420398,13,8,117,0.00526,0.54569,0.54915,v24_testis
ENST00000376006,6,1,164,0.00102,0.49187,0.5122,v24_testis
ENST00000375992,6,1,164,0.00102,0.49187,0.5122,v24_testis
ENST00000710035,9,0,265,0.0,0.73878,,v24_testis
ENST00000447146,9,0,265,0.0,0.73878,,v24_testis
ENST00000710042,9,0,265,0.0,0.73878,,v24_testis
ENST00000396763,9,0,265,0.0,0.73878,,v24_testis
ENST00000348603,12,7,291,0.002,0.40779,0.42661,v24_testis
ENST00000375602,8,4,81,0.00617,0.45834,0.53086,v24_testis
ENST00000336777,10,5,223,0.00224,0.47399,0.4583,v24_testis
ENST00000346279,12,7,111,0.00526,0.58709,0.61647,v24_testis
ENST00000457095,30,5,192,0.00087,0.51979,0.47708,v24_testis
ENST00000289619,12,5,130,0.00321,0.45769,0.59077,v24_testis
ENST00000396198,27,5,574,0.00032,0.44483,0.33275,v24_testis
ENST00000612958,12,7,117,0.00499,0.57835,0.60562,v24_testis
ENST00000362097,13,8,116,0.00531,0.56963,0.58944,v24_testis
ENST00000362097,13,8,116,0.00531,0.56963,0.58944,v24_testis
ENST00000362097,13,8,116,0.00531,0.56963,0.58944,v24_testis
ENST00000362097,13,8,116,0.00531,0.56963,0.58944,v24_testis
ENST00000639028,13,8,117,0.00526,0.54569,0.54915,v24_testis
ENST00000445148,13,8,117,0.00526,0.54569,0.54915,v24_testis
ENST00000440137,13,8,117,0.00526,0.54569,0.54915,v24_testis
ENST00000445148,13,8,117,0.00526,0.54569,0.54915,v24_testis
ENST00000440137,13,8,117,0.00526,0.54569,0.54915,v24_testis
ENST00000362097,13,8,116,0.00531,0.56963,0.58944,v24_testis
ENST00000405679,13,8,117,0.00526,0.54569,0.54915,v24_testis
ENST00000445148,13,8,117,0.00526,0.54569,0.54915,v24_testis
ENST00000451436,21,7,297,0.00112,0.41254,0.40452,v24_testis
ENST00000338352,17,2,288,0.00041,0.27676,0.10938,v24_testis
ENST00000276066,10,3,221,0.00136,0.39955,0.5822,v24_testis
ENST00000536730,26,7,460,0.00059,0.55669,0.59037,v24_testis
ENST00000374382,27,7,539,0.00048,0.60077,0.65041,v24_testis
ENST00000374299,18,6,619,0.00054,0.62763,0.60528,v24_testis
ENST00000374299,18,6,619,0.00054,0.62763,0.60528,v24_testis
ENST00000374251,11,4,183,0.00199,0.56086,0.39071,v24_testis
ENST00000438526,2,1,42,0.0119,0.25,0.2381,v24_testis
ENST00000536169,30,3,808,0.00012,0.49517,0.67698,v24_testis
ENST00000374051,31,4,828,0.00016,0.49326,0.56129,v24_testis
ENST00000358741,32,4,848,0.00015,0.49167,0.57164,v24_testis
ENST00000535490,30,4,514,0.00026,0.65901,0.69552,v24_testis
ENST00000622277,9,2,162,0.00137,0.64746,0.53395,v24_testis
ENST00000651998,10,1,193,0.00052,0.60984,0.53886,v24_testis
ENST00000431381,14,3,219,0.00098,0.48206,0.21461,v24_testis
ENST00000373619,10,1,193,0.00052,0.60984,0.53886,v24_testis
ENST00000462237,11,4,176,0.00207,0.44215,0.57812,v24_testis
ENST00000358130,7,4,282,0.00203,0.35005,0.48848,v24_testis
ENST00000361726,10,0,283,0.0,0.4788,,v24_testis
ENST00000373696,20,8,691,0.00058,0.44595,0.33738,v24_testis
ENST00000542739,30,4,514,0.00026,0.65901,0.69552,v24_testis
ENST00000322139,10,5,248,0.00202,0.50968,0.51532,v24_testis
ENST00000683942,10,5,248,0.00202,0.50968,0.51532,v24_testis
ENST00000332647,10,5,248,0.00202,0.50968,0.51532,v24_testis
ENST00000683942,10,5,248,0.00202,0.50968,0.51532,v24_testis
ENST00000373040,12,4,261,0.00128,0.39272,0.56226,v24_testis
ENST00000450049,12,7,256,0.00228,0.60938,0.7567,v24_testis
ENST00000372774,15,8,199,0.00268,0.58693,0.65327,v24_testis
ENST00000218249,12,1,278,0.0003,0.44125,0.31295,v24_testis
ENST00000372728,8,2,125,0.002,0.427,0.652,v24_testis
ENST00000372680,15,7,206,0.00227,0.59676,0.62829,v24_testis
ENST00000409338,8,2,77,0.00325,0.61526,0.63637,v24_testis
ENST00000304236,12,1,277,0.0003,0.44254,0.31408,v24_testis
ENST00000457056,14,7,547,0.00091,0.52115,0.53251,v24_testis
ENST00000319560,13,7,168,0.00321,0.25458,0.16752,v24_testis
ENST00000372582,22,9,686,0.0006,0.52617,0.52057,v24_testis
ENST00000372453,8,5,214,0.00292,0.50117,0.47757,v24_testis
ENST00000535523,8,5,214,0.00292,0.50117,0.47757,v24_testis
ENST00000372466,13,5,184,0.00209,0.58487,0.64674,v24_testis
ENST00000217957,19,7,387,0.00095,0.37223,0.33223,v24_testis
ENST00000415430,20,8,423,0.00095,0.39338,0.34486,v24_testis
ENST00000324068,33,8,641,0.00038,0.49667,0.49162,v24_testis
ENST00000218004,13,6,197,0.00234,0.59274,0.62775,v24_testis
ENST00000488120,15,5,360,0.00093,0.52204,0.58333,v24_testis
ENST00000372057,8,1,210,0.0006,0.46786,0.69048,v24_testis
ENST00000482160,20,6,378,0.00079,0.53704,0.541,v24_testis
ENST00000612026,5,4,111,0.00721,0.35856,0.40766,v24_testis
ENST00000371970,5,4,111,0.00721,0.35856,0.40766,v24_testis
ENST00000425146,23,7,544,0.00056,0.55635,0.46166,v24_testis
ENST00000372007,23,7,544,0.00056,0.55635,0.46166,v24_testis
ENST00000451301,16,6,288,0.0013,0.33767,0.29167,v24_testis
ENST00000343905,7,1,315,0.00045,0.42449,0.62222,v24_testis
ENST00000371425,10,4,137,0.00292,0.40949,0.27007,v24_testis
ENST00000217999,16,3,184,0.00102,0.49626,0.56341,v24_testis
ENST00000371402,21,4,288,0.00066,0.41915,0.33334,v24_testis
ENST00000343984,29,6,434,0.00048,0.50755,0.57258,v24_testis
ENST00000360028,24,2,463,0.00018,0.40758,0.4622,v24_testis
ENST00000371126,21,4,463,0.00041,0.36162,0.37689,v24_testis
ENST00000535724,17,8,324,0.00145,0.3711,0.49498,v24_testis
ENST00000370900,10,3,242,0.00124,0.45413,0.34022,v24_testis
ENST00000298556,5,0,218,0.0,0.56972,,v24_testis
ENST00000394311,17,6,258,0.00137,0.45714,0.58398,v24_testis
ENST00000394311,17,6,258,0.00137,0.45714,0.58398,v24_testis
ENST00000394311,17,6,258,0.00137,0.45714,0.58398,v24_testis
ENST00000370844,17,6,258,0.00137,0.45714,0.58398,v24_testis
ENST00000344129,11,6,242,0.00225,0.27348,0.4022,v24_testis
ENST00000612907,14,6,189,0.00227,0.54422,0.46032,v24_testis
ENST00000487941,13,4,189,0.00163,0.53398,0.36376,v24_testis
ENST00000370695,22,8,701,0.00052,0.51978,0.53245,v24_testis
ENST00000414371,7,5,115,0.00621,0.52298,0.42956,v24_testis
ENST00000623326,5,3,79,0.00759,0.54684,0.48101,v24_testis
ENST00000370785,9,7,152,0.00512,0.45687,0.49154,v24_testis
ENST00000370536,20,3,446,0.00034,0.5241,0.59641,v24_testis
ENST00000710304,5,0,153,0.0,0.63268,,v24_testis
ENST00000436198,18,6,255,0.00131,0.41438,0.3366,v24_testis
ENST00000370518,4,1,97,0.00258,0.48969,0.03093,v24_testis
ENST00000422892,9,3,146,0.00228,0.54566,0.55479,v24_testis
ENST00000542674,14,4,318,0.0009,0.33715,0.27201,v24_testis
ENST00000370350,14,3,183,0.00117,0.47736,0.63206,v24_testis
ENST00000616035,17,3,314,0.00056,0.35013,0.28132,v24_testis
ENST00000710007,17,3,314,0.00056,0.35013,0.28132,v24_testis
ENST00000276344,15,4,317,0.00084,0.33186,0.23265,v24_testis
ENST00000684668,15,4,317,0.00084,0.33186,0.23265,v24_testis
ENST00000393900,16,5,314,0.001,0.36007,0.27834,v24_testis
ENST00000709994,16,5,314,0.001,0.36007,0.27834,v24_testis
ENST00000393869,16,5,314,0.001,0.36007,0.27834,v24_testis
ENST00000709992,16,5,314,0.001,0.36007,0.27834,v24_testis
ENST00000244096,18,8,369,0.0012,0.34327,0.18022,v24_testis
ENST00000638835,5,1,110,0.00182,0.43091,0.82727,v24_testis
ENST00000709990,3,1,78,0.00427,0.50855,0.75641,v24_testis
ENST00000452779,3,1,78,0.00427,0.50855,0.75641,v24_testis
ENST00000709976,17,4,314,0.00075,0.34526,0.27548,v24_testis
ENST00000611557,17,4,314,0.00075,0.34526,0.27548,v24_testis
ENST00000623438,17,4,314,0.00075,0.34526,0.27548,v24_testis
ENST00000709981,17,4,314,0.00075,0.34526,0.27548,v24_testis
ENST00000593810,29,9,463,0.00067,0.53288,0.5162,v24_testis
ENST00000709976,17,4,314,0.00075,0.34526,0.27548,v24_testis
ENST00000623806,17,4,314,0.00075,0.34526,0.27548,v24_testis
ENST00000710003,23,8,448,0.00078,0.59957,0.60184,v24_testis
ENST00000535214,23,8,448,0.00078,0.59957,0.60184,v24_testis
ENST00000370167,15,0,384,0.0,0.57847,,v24_testis
ENST00000710015,32,7,630,0.00035,0.50516,0.5805,v24_testis
ENST00000318504,32,7,630,0.00035,0.50516,0.5805,v24_testis
ENST00000710012,35,8,692,0.00033,0.51263,0.57858,v24_testis
ENST00000539731,35,8,692,0.00033,0.51263,0.57858,v24_testis
ENST00000595290,15,0,364,0.0,0.4793,,v24_testis
ENST00000320857,8,3,173,0.00217,0.50289,0.53372,v24_testis
ENST00000619903,33,7,410,0.00052,0.49823,0.51916,v24_testis
ENST00000599837,10,1,180,0.00056,0.75167,0.95556,v24_testis
ENST00000247306,7,1,210,0.00068,0.58367,0.84286,v24_testis
ENST00000369585,11,1,180,0.00051,0.72273,0.95556,v24_testis
ENST00000611071,56,7,419,0.0003,0.49058,0.48244,v24_testis
ENST00000354514,6,2,115,0.0029,0.42319,0.66522,v24_testis
ENST00000620016,6,2,115,0.0029,0.42319,0.66522,v24_testis
ENST00000711254,22,6,371,0.00074,0.50159,0.37466,v24_testis
ENST00000400841,22,6,371,0.00074,0.50159,0.37466,v24_testis
ENST00000457222,15,4,308,0.00087,0.4132,0.22646,v24_testis
ENST00000451548,15,3,308,0.00065,0.4132,0.25325,v24_testis
